var-0,var-1,var-2,var-3,var-4,var-5,var-6,var-7,var-8,var-9,var-10,var-11,var-12,ETIQ
0.5895999066059605,0.0786553968716603,0.6866505180998521,0.5714025946899135,0.4288890546751146,0.5780913011344704,0.20609823213950174,0.81332125135732,0.5934164659026848,0.7433544040285465,0.5289666836391932,0.37905809354424447,0.46149644387310973,0
0.6058771534830973,0.0853978431944039,0.6865159467097296,0.8235888725334455,0.6534725339011758,0.16022955651881965,0.5206693596399246,0.32777281162209315,0.8758781455377213,0.2244086817822748,0.2996973652858238,0.5607747498862288,0.6211920257460797,0
0.6163005953870015,0.1114738171572913,0.6948089086260262,0.24999667668640035,0.9528169091459117,0.9965569925394552,0.04455638245043303,0.860161037286291,0.6384507883161097,0.6807264265136993,0.3707122468557705,0.6283277250473934,0.2780542864577055,0
0.6195026767398809,0.1087340911298941,0.6897120172251381,0.603190610968185,0.3816059859191179,0.28361821790671515,0.674964847134956,0.45683115105830563,0.6913320074144368,0.5574344843660456,0.5932334109452636,0.4504463008805179,0.298532461601781,0
0.6421507313086839,0.1402506557854853,0.6843796258915356,0.6858614854745947,0.6618463200523511,0.1329781447122128,0.7678378139439905,0.9824132490111909,0.1271887958617349,0.437493982910937,0.14432527606371354,0.9126783329939849,0.9116744354016527,0
0.6221043678390954,0.1618964344700281,0.6947079800834344,0.9693881604049188,0.613326820546709,0.0442606328646209,0.004055144158407464,0.13397252704913387,0.6459094738858565,0.385231414010386,0.8932558703700675,0.5530964016775005,0.3030932825793519,0
0.6102800153433064,0.1626153696687069,0.6814190553088415,0.941002271395834,0.3028605620290723,0.3661456016604264,0.8981962445391883,0.31436380495645067,0.6473859644096785,0.5076332654252055,0.8614979235089587,0.4787348283061365,0.30758109231485237,0
0.6366304764763763,0.1834644904303895,0.6737653074956266,0.5489821840124055,0.43603095762412225,0.06499417612685054,0.5845462257019302,0.8440678976619022,0.7347986329784071,0.3412801959454412,0.22812643821831585,0.7290630290837753,0.6524353656122307,0
0.6418505361818515,0.200369182939862,0.6815536266989639,0.1564189183874064,0.2242989686860415,0.41287020771484073,0.03692486905862902,0.4966034986165482,0.3342745410188689,0.621124256004214,0.35219920480822703,0.4659707685025072,0.6025114967916138,0
0.6267907473190907,0.2196638492179151,0.6806620912394026,0.8179828644296319,0.6578909387591091,0.5334837356527721,0.8551257407736,0.14968813497140154,0.1007042494763405,0.40107279713919103,0.7171687687288592,0.4651279146457412,0.5803748735327187,0
0.6373976418005036,0.2211988730204993,0.685826268335352,0.5672354768631239,0.3741748177480889,0.6013045471136395,0.11291570189443623,0.7755127010728279,0.29243615611386725,0.6051651626525354,0.23840980845270232,0.8285982119821526,0.3296122702883846,0
0.641883891195944,0.2434664334984941,0.6871551608128112,0.09660583318435267,0.16636374579324753,0.8074497520247557,0.9476939242234907,0.4332315025514858,0.4208191010364537,0.13265411223986598,0.7731956472935795,0.7967089307104549,0.6189494294989428,0
0.6387818748853421,0.2566792966093462,0.7002085856546899,0.41408083174830124,0.24548187614075512,0.274703391965577,0.6172527709741663,0.17846041072072527,0.4786386597919468,0.4499216577719233,0.602813127842202,0.24085898676491,0.5530354895309557,0
0.6357799236170176,0.2864082386087632,0.6930090162831384,0.11948250433077712,0.45573485868103825,0.1649378065796322,0.648724831216227,0.821055674361497,0.3325969761525119,0.9046449682942743,0.5718849971437362,0.2189239199773382,0.27248978066800755,0
0.6377478694484748,0.2807733411056057,0.6777351635042391,0.7775113893753993,0.48013339022434753,0.34757125622081697,0.4347105489944344,0.005008574909348362,0.7290026374681177,0.33536935701559323,0.28410237973414054,0.5356216134803581,0.29157738662830207,0
0.635529761011324,0.3039541435927329,0.6979040505988428,0.7125732007896374,0.33165722263549546,0.31942323776053394,0.07992503242021254,0.44805592600101607,0.6640983907709369,0.6034290417012117,0.6487697524465489,0.38829535183053693,0.6169408336139366,0
0.6361468287720351,0.3174196055571747,0.6948761943210875,0.5828489673005941,0.390586941842884,0.8695455453974028,0.6733532167485129,0.2414082418108049,0.38749404344787164,0.48015174245335523,0.3433207511215978,0.8840253938463213,0.8347137676091377,0
0.6388152298994345,0.3276401437870397,0.684295518772709,0.5253538488765902,0.9105338176465975,0.5201096943214129,0.6021048687389493,0.06277362381152096,0.5451666658079402,0.6166716662079512,0.21842246524967263,0.7539042975179459,0.7615732123915903,0
0.6355464385183702,0.3257942290877295,0.6878784820347195,0.48938611652176434,0.4614412627964344,0.4011298800689024,0.4204353581465221,0.5849350493343958,0.323462794473011,0.5855692544547928,0.6847569137207554,0.7309515619072623,0.7298168249064984,0
0.6490552192258301,0.3493830758768095,0.6942369802180057,0.5386670484231432,0.4898957587909363,0.16579644053220766,0.4413468174535875,0.9686781985609425,0.10286319907566878,0.5949515566240241,0.5271645937060985,0.7248187678437673,0.5874901948220669,0
0.6282083354180217,0.3552705722335568,0.7039597631543535,0.4151736932178327,0.035317829787831156,0.002830426682370324,0.5354184513162129,0.05057294182209637,0.8751031902578786,0.5240242969151534,0.2345622902814828,0.24877805869770503,0.6372806874296867,0
0.632761294841647,0.3854075585349267,0.7047167272237923,0.09274340534219172,0.10875641262696911,0.4540783303488197,0.9926880657637538,0.48505535080507134,0.5849648517932753,0.5219743404943469,0.45044667336541666,0.48046720889391625,0.4565916450363374,0
0.6315271593202247,0.3726998931312543,0.6966424438164447,0.4586402838083844,0.4365108145371187,0.5011121848422556,0.4470874692740242,0.726215200566661,0.6962339401617462,0.5927847478242101,0.001963530390138278,0.4394453756044092,0.41783540569213795,0
0.633645202715098,0.3761002623141941,0.7172655093527117,0.8979415356273188,0.6978703473377672,0.42331060266774045,0.6495291182373754,0.9095405975236686,0.49737723829247865,0.3291442977710773,0.24126986293241096,0.3214378246159692,0.25648685940680604,0
0.6459532029152282,0.3941513650053434,0.7141703673798951,0.15362734153599478,0.2373424569000443,0.6191120001144675,0.6870199456481508,0.6426002227117794,0.7638147362237276,0.10065211475841844,0.6333120647525907,0.6916889855588162,0.1919406693776268,0
0.6348126282083354,0.4092684348586418,0.7225137935674877,0.5885285628983279,0.8294231938453709,0.4789429532356768,0.8075888612596384,0.9623558468839565,0.28505705093597494,0.4238642697645933,0.8246558282121292,0.8212292682248771,0.20915615101386778,0
0.6100298527376127,0.4207519673564558,0.7117480823576908,0.43535668292056506,0.8588455784808138,0.7182423791983076,0.8886814943629995,0.04623588619564345,0.950017382894632,0.8079805553672537,0.574279655343787,0.7381544389316124,0.2670074928751167,0
0.6068444488917796,0.4323520839405421,0.7242632216390796,0.9130986448423635,0.7668385355448595,0.9623789273619899,0.98131935906942,0.28548573078687023,0.3262321778806015,0.49435395848643476,0.7540686000867486,0.3014594294322652,0.5757022769599185,0
0.608428812061173,0.4224812979694938,0.7289395774458352,0.6700013166466804,0.14127353102702234,0.5951327636887873,0.9195796756956715,0.19197332103443343,0.5892423434697962,0.4418921259443907,0.500236750308169,0.2320984164783869,0.44868130335079137,0
0.6013742265806107,0.4465753424657534,0.7334981832862335,0.3498686863671552,0.07974567705000712,0.19465631564517616,0.20770266641880264,0.09600092980546204,0.31402166371204043,0.49847542061988426,0.48917002789298575,0.5350832729341234,0.47299212520988365,0
0.5914844649021863,0.4428252210239969,0.7247005786569776,0.9996980377175202,0.8875339549944073,0.46375997262576707,0.7437024470523893,0.695236793364116,0.5416353907775867,0.5803538861448223,0.2982754802250144,0.10423103937300005,0.6842406145899712,0
0.586597955337636,0.4411347517730496,0.7469553222984795,0.522454609889347,0.42348679488615915,0.664073323782122,0.5555198729672033,0.265889827888687,0.45298650995686374,0.42324464019231234,0.45259374641970257,0.5322726545467431,0.2735723561305046,0
0.5855639499007688,0.4639658020013601,0.7312441125016822,0.3643255465919335,0.6272667630222782,0.6271288917045859,0.2095937611451607,0.6097729907070338,0.6872100513412742,0.1612515341651452,0.13537974926720786,0.6281167881689058,0.33258694896527236,0
0.5666850119244174,0.4768872048965316,0.7319674337235904,0.8749287603932815,0.8713374496408887,0.6522633075694795,0.07017267325726095,0.42351808992862205,0.6680905234868587,0.6163980359411709,0.4327399882261812,0.18362978064542862,0.4749948092204215,0
0.5671353046146661,0.473292528903138,0.7408827883192035,0.08902228492414066,0.05524979791048534,0.2546980854885439,0.45687376278766356,0.7593995049120491,0.272367763462335,0.9689688954102166,0.387676253165151,0.8949923316286392,0.20329209670168266,0
0.5672020146428511,0.4641795394928592,0.7338177903377743,0.6288415398407439,0.28248460193485714,0.6950690619200575,0.5065069608344968,0.5075296156707131,0.5713575000287521,0.8227672613292927,0.29532988893801876,0.3864239969002409,0.35798393153127667,0
0.5673187571921748,0.4872631885747595,0.7679652805813485,0.2636220634323303,0.441645686622701,0.3415258701814652,0.726546393909013,0.4825965308099226,0.7740454976203436,0.45935823830234274,0.8381801895660227,0.4371539970960716,0.776222341873989,0
0.5404179383265789,0.4997959778490236,0.7614553895841745,0.44676557819006135,0.47700809379806863,0.47991137269101614,0.6896387006328037,0.7198476893232635,0.720300212483414,0.6460270219025629,0.47673189599994514,0.19626870901406676,0.2682957215554545,0
0.5458214506095629,0.4971534052268532,0.7632552819270624,0.8010969737326715,0.40525688164589924,0.7935398606099887,0.9647259459117272,0.9923494116644874,0.6115249502691558,0.7528697603194937,0.31112769069979584,0.25665529922677943,0.6832691320465314,0
0.5315121495638832,0.4943553871563198,0.7705557798412059,0.7206556019502786,0.06548864838133828,0.8472865278538246,0.8364569716615516,0.016317818997595213,0.2190976591067405,0.4933992688672691,0.1995452038600599,0.4878221539651387,0.2897054843031538,0
0.5207718350261002,0.5160788885650442,0.7804299555914413,0.32766572871399635,0.3220972200771334,0.7404421224932046,0.6103062881081006,0.2823220462034699,0.4564712996993837,0.1592533267108168,0.7749403248049402,0.8550503095142106,0.8159403344441778,0
0.512232951418422,0.5022248129796949,0.7852072399407888,0.186365561491604,0.16853039195927333,0.09545322921951538,0.790572738775103,0.9357357476153892,0.42774381079638063,0.6907615690838806,0.2666525483691632,0.3541225308202132,0.24328227393876792,0
0.4968062574006437,0.5026522879626931,0.7979578791548918,0.21987633831820674,0.744912691964874,0.9511437223975017,0.19172722525544061,0.5718944518557192,0.3197265094608476,0.8722523763437185,0.5333891231196348,0.32092586919746213,0.9686494814631436,0
0.5037107453177898,0.5174196055571748,0.7887397389315033,0.4393126809218142,0.9748609274965017,0.8695919110882055,0.01604811394571537,0.2013272742878226,0.32697575870210493,0.8752128761402733,0.44743838462229263,0.4744004901666155,0.8834661610682865,0
0.4985907506545921,0.5452443408141455,0.7946440586731263,0.8479840747120673,0.5742410733609326,0.5228193173754018,0.8098135781591498,0.7640417052117675,0.7451528811207356,0.16764250649205006,0.4947590072515676,0.7374444640107859,0.5269497700502893,0
0.4797785227064258,0.5205868065675702,0.7990176288521061,0.954746349421138,0.326698242651259,0.04765403015638958,0.692282785313259,0.05013804909997255,0.25274248659766313,0.6375744845860227,0.6855269067365978,0.7423347977868422,0.4900425539156872,0
0.4623672053501442,0.503274069756145,0.81947248015072,0.5651792240587357,0.8597363526759456,0.39702823999942216,0.6011588397499769,0.17143016139205058,0.30919566471381205,0.7668230738887238,0.49781725441028213,0.5593977190795242,0.39804968744720237,0
0.461750137589433,0.5361896434470028,0.8277822634907819,0.15773570625048083,0.6060550718704039,0.8644831653341858,0.9998379659971401,0.031138730964896166,0.6949229424917035,0.21959396472493126,0.5403506728609012,0.23203754864086676,0.6361740362810205,0
0.435249578892947,0.5299523948314389,0.8367144395101602,0.9209823275856519,0.5111182541062665,0.3493556684867074,0.3974146652165286,0.577889456457702,0.4490806313969973,0.5504019615867088,0.13889067830679797,0.8648634932102244,0.3925471961838342,0
0.4216740881573022,0.533313902652288,0.8363107253397929,0.3476968859110544,0.1455089742241399,0.8655634034033419,0.7064894398362059,0.6098549399645308,0.4417227743499627,0.5735032147152895,0.5700850629840538,0.21296196454907423,0.4676638709318945,0
0.03799136105135,0.1359176139123676,0.3017595209258512,0.722559030666315,0.9860259041500742,0.17509290094513885,0.8241687672106883,0.8223043071102077,0.2868695211851998,0.6780409780518216,0.3376940583796371,0.09586004296240726,0.67301675831315,1
0.0889244675705874,0.1379966967842222,0.3140728031220563,0.343347824779511,0.5587765910686205,0.4583951040226183,0.1943362585979126,0.4328975725259948,0.7289112295423053,0.6498700969424195,0.35436237851877145,0.9034118001937298,0.6715151920103274,1
0.1256149830723303,0.1481589429709511,0.304097698829229,0.1525588709216097,0.93220312044143,0.1874633777145578,0.6338814511159659,0.5700125055668297,0.1883844354036043,0.39749514458644736,0.16126266050786084,0.4408337363399629,0.4517152636642748,1
0.1749303714080818,0.17850966676382,0.3199434800161486,0.9746576540880918,0.7935980998050621,0.36019086509285037,0.37611623823833595,0.049898122291304414,0.36997861520158365,0.047534543446417436,0.7559412551397721,0.6855517831979202,0.6330646712968296,1
0.1979620086389485,0.160108811813854,0.3274962992867717,0.05183772866050185,0.3109734427656744,0.9498307423540859,0.04954204395411921,0.17674323990674723,0.41811979127475574,0.6865794852975827,0.31453028997672816,0.2879874226381216,0.18014938253849952,1
0.2355864645352812,0.1813271155153988,0.3302718342080474,0.636186112199416,0.36046181496956364,0.1855770297544811,0.9473848480754395,0.04276934560990486,0.877411264302935,0.25665928727669984,0.3545741886935373,0.4244910932647772,0.43132520946428266,1
0.255916345624656,0.1935878752550276,0.3404487955860584,0.5980596301214961,0.428768925948003,0.3453378882969943,0.19493098178256762,0.16280938810391388,0.5226598643267303,0.32096000432046357,0.5991770005336183,0.6289171792603452,0.06210641810873211,1
0.2957755874651857,0.2198581560283687,0.3437626160678241,0.40562736845647096,0.75234582247811,0.4682266931317387,0.7773161331433892,0.8786623406210771,0.19644233920475515,0.6400614524117813,0.06368618646824446,0.8431189022631543,0.7859038927341363,1
0.3357015393339003,0.2068978917711066,0.3456634369533038,0.1731062370044163,0.879651748956727,0.5814035960002586,0.4206377353752798,0.5133557590973299,0.6043477545292419,0.3308007188487659,0.7130712990043678,0.7304229816270942,0.20151544185346093,1
0.3538133119861242,0.2374429223744292,0.3320885479747006,0.889966798550269,0.391965329418024,0.09429308322523045,0.959738707640517,0.1183786186206881,0.45799768555431886,0.3109714926593243,0.40104547873255453,0.8432075737344571,0.3669727067715937,1
0.3801137405980553,0.2390556689011949,0.3452429013591711,0.10682731436678661,0.7216934981852633,0.31083827259587127,0.28996590177406645,0.6495432693465584,0.1534211441585064,0.43243631686950545,0.14070587583706018,0.6796062699672678,0.4799070468931361,1
0.422541318523707,0.2551248421257165,0.3438467231866505,0.8914564110269431,0.3455822753433141,0.9072154575721394,0.6197423374294808,0.6078287828306527,0.9149107949395497,0.5951426805578693,0.6710098077421484,0.7772403623089126,0.8288919753292052,1
0.4404863161054685,0.2479743515010201,0.3577916834880905,0.5325268752174284,0.012220350393190804,0.1580535990286892,0.6770672305406121,0.6934089901217156,0.5211012941160327,0.41176634347428737,0.7539324321342136,0.3369786993747549,0.2557894078486602,1
0.45843131368723,0.2685320120470222,0.3675144664244382,0.09689496092715388,0.6369910296948245,0.47430595829878197,0.5769622095369061,0.3991306989101824,0.5066704114409069,0.319496775126409,0.30459006006229783,0.24759064003043385,0.8087469040665115,1
0.4819632761294841,0.2413679199455941,0.3492800430628449,0.21784631376950991,0.3554669474792327,0.968813388664999,0.18850163089050076,0.8622965034704138,0.11955770399124492,0.899146117685669,0.8087382614042128,0.8044617279990737,0.44824274001575104,1
0.5277263554643852,0.2619644418536869,0.3508612568967838,0.5312451051630381,0.07486637979898325,0.811221242183946,0.017287214496327974,0.8372092651616604,0.22975653383391312,0.49721632821117534,0.34197009310027415,0.8370791742618447,0.4823122322313778,1
0.5560947949500508,0.2935975905955503,0.3549488628717535,0.33849770452010564,0.9186190305515142,0.7269942391468164,0.3584253439639181,0.6253309806892837,0.15092808534931534,0.7493228956612048,0.2261999841901544,0.7889864538306656,0.6895431423319167,1
0.5825619986324444,0.2781501991644807,0.355520791279774,0.9867250158432234,0.1710943357561402,0.20556893294532474,0.2892015722335409,0.8206624180193546,0.7228646996626913,0.9505639653700659,0.36991445622167485,0.11308616784803728,0.7021770662227453,1
0.5722886542919564,0.2948605848634995,0.348792221773651,0.2469302036330141,0.2463842063123658,0.6147032420712142,0.5845755755569518,0.4187391092907451,0.15752299298732195,0.5806321158985973,0.39708849561491016,0.8836865163528009,0.5493190313222948,1
0.6121645736395324,0.2990964733313903,0.3636287175346522,0.5511145648429321,0.03109580371788745,0.005461745881927604,0.02766958503849759,0.05500110004610892,0.8231724681384595,0.6308377212377763,0.43465865824595296,0.7967841829878015,0.3523612505557004,1
0.6279414953052818,0.3077431263965802,0.3441158659668955,0.7707236391862504,0.9791484711904915,0.1246384806420936,0.38527126660502653,0.014628340766279058,0.4789909367644908,0.18678913322341878,0.39416684573112143,0.2079746169357701,0.8667707453200455,1
0.6534414035789929,0.322044107645973,0.3526611492396717,0.43397974027907815,0.6616696207437576,0.624134409589682,0.9015557620509973,0.5516914886945516,0.4933559992417345,0.5855155440804627,0.7516575368618009,0.6184599513198432,0.342524733626279,1
0.673654542119044,0.3257553677256388,0.3422486879289463,0.052770187726222995,0.3763269154591806,0.45910460096054595,0.33581483502497056,0.034524086109069874,0.6171782826480013,0.1326786996206128,0.4735395648918956,0.40923325479163575,0.8528687341870087,1
0.6799086072613865,0.327445836976586,0.3493305073341408,0.6274685223388181,0.48882654273960335,0.709341337628441,0.36458430935415753,0.07055623932959942,0.7225606333674247,0.5395890209690621,0.34856189489469186,0.25436691636740527,0.45296468415311947,1
0.7053918380280515,0.3249198484406878,0.3411721168079667,0.26531356016686203,0.17607414790348352,0.46074171374219264,0.15360512791595748,0.07857627354314056,0.4070324807719509,0.7105415095393246,0.4587208443655378,0.8797201784495439,0.3916224918398786,1
0.7245709711312353,0.3261439813465462,0.3652099313685911,0.5248990305399446,0.14078755503076001,0.104527008064636,0.12038473999324284,0.705394943194934,0.3170410698681391,0.5857717970650967,0.9216709034259507,0.6533758298837491,0.7973840107612941,1
0.72543820149764,0.3198095793257554,0.3440485802718342,0.806655387093411,0.8097608685754774,0.5757927988444504,0.6352071161056971,0.7536886969020419,0.14439715053236007,0.44781743074729474,0.437542829070957,0.2953130788261261,0.4220841519340025,1
0.7478527709677957,0.3442339453997862,0.3573375050464272,0.42765279021542957,0.5097591887856695,0.7130455453644915,0.6338861663386953,0.6088183675731145,0.26356638345876277,0.6187587547109675,0.41348880784955094,0.35626098021266883,0.3692310152768854,1
0.7756208201997965,0.3340911298941028,0.3516013995424573,0.6463096008521194,0.5355760083692563,0.21391855289512163,0.30579933420118466,0.6912992137814441,0.6576057257495976,0.8349833991245423,0.3996407332926111,0.3609174656224096,0.1613961935896143,1
0.7853604843148045,0.3317788788497037,0.3403983313147626,0.41890885048292636,0.8584281580665825,0.3741219529226343,0.6693537660685733,0.11556706933541094,0.18122118768613513,0.775655002908426,0.804953748679587,0.11658075038030907,0.7561970889193469,1
0.7971848368105935,0.328125910813174,0.3575561835553762,0.299538340152529,0.8510880430317956,0.17554304677382027,0.6259133230205275,0.027778665742286268,0.4464080989132713,0.33216609178543743,0.47942396059831327,0.6323267732805284,0.548815881354176,1
0.7882290155267591,0.3477897600310891,0.347093257973355,0.6092864584476281,0.4514225323226031,0.8993990249970472,0.8254559249996858,0.7732033146846798,0.11946823371731133,0.7396728504446101,0.4544225196830796,0.42619561307876525,0.8470513259375055,1
0.8361268157635795,0.3281064801321286,0.3384975104292828,0.3386931531627878,0.6690440138379262,0.15476854922727068,0.48977365784682036,0.3893707779530763,0.30919297397299406,0.4383869548997327,0.27313634328266767,0.27627637096581875,0.4730799747958424,1
0.8225846800420273,0.3555231710871466,0.3444522944422017,0.4696596093621085,0.2740920706226495,0.2117196507352196,0.5198510017502086,0.6536205110018007,0.12550800999124714,0.7658264462036034,0.17777302368472256,0.44795272523287044,0.8197727198359552,1
0.8266706692683576,0.3390070921985816,0.3343257973354865,0.562767518825868,0.9530307863253891,0.5564492671164413,0.14924763061885926,0.641615189259421,0.09291869548237593,0.7716762590206205,0.41326047108528796,0.786281839403567,0.5172757698912599,1
0.8568569570220643,0.3524725541630234,0.3228199434800162,0.31657688124926275,0.9385385760468693,0.12990023236884063,0.45765684584761834,0.6737363437900138,0.320092911684782,0.2919831711167063,0.3524164842247119,0.3254591718979454,0.19612032548737143,1
0.8417137806240722,0.3315651413582046,0.3358901897456601,0.9694980869283334,0.5219009000689792,0.380126287117007,0.7762920626979588,0.7869602149821939,0.2198547525932472,0.6685429493783764,0.6659955664558224,0.5674337698962786,0.8023378432255074,1
0.8446490218642116,0.3265131642864082,0.3279841205759656,0.9136729664942378,0.7214362996512742,0.12760236884067944,0.9914444089666797,0.9306820434785784,0.258360995272268,0.2461346218417885,0.7130449037984224,0.6250343778054465,0.09504793896118849,1
0.8612764963893196,0.341125036432527,0.3142914816310053,0.43526698813928355,0.6592975368913645,0.8342924830775176,0.9168838982430365,0.7230334277180315,0.7298627458625683,0.3191228856069964,0.2486525322377563,0.37384609320625384,0.8390449293263385,1
0.8682977268557895,0.3190129214028951,0.3177735163504239,0.09059346543940128,0.0678285133787121,0.36628066605571363,0.45599492958001464,0.3113303644779406,0.5874369883002819,0.09749654963076104,0.4903517007986298,0.8105127322579778,0.3435136862942363,1
0.8674138189823384,0.3269017779073156,0.3063685910375455,0.749487848033331,0.7636932181583755,0.39969609337574363,0.6980395953386618,0.1925293928446824,0.7789216859000222,0.21628191538188452,0.6500767707239559,0.5842171891376889,0.46434774944809853,1
0.863594669868748,0.3271349460798601,0.299068093123402,0.9513923730377122,0.24147850811016136,0.15622565029834712,0.3821527005596802,0.8630489298374607,0.3786195214355091,0.5509519816789874,0.19391515255475125,0.19973239160204231,0.7296537124316649,1
0.8879938626774069,0.3136111920722821,0.2844839187188804,0.5982359684216775,0.6861087294646065,0.8182798896986081,0.3859070747212906,0.9595201327704681,0.7397216677255439,0.25560157248777776,0.6041640045440853,0.6597617466536646,0.46269405732618957,1
0.872050165941195,0.311454386476246,0.2890761674068094,0.9873259668642348,0.5351720730177222,0.749366537890681,0.853762638614894,0.5916397313634473,0.37587269320867167,0.050696222653596947,0.699996823468834,0.14250080065679316,0.3724437897931183,1
0.8624605993896032,0.301913922082969,0.2848708114654825,0.13019435160937165,0.6568050339522123,0.45570247686458365,0.8542480539434153,0.20925683481859314,0.6394905419630214,0.7499288819989748,0.5237098227888474,0.3436775559275038,0.483953361972803,1
0.8702990277013392,0.3136889147964636,0.2784786704346657,0.011776748703135165,0.17883965122767664,0.17080465977620274,0.3843092071404094,0.20779683625618994,0.35269375679886156,0.42997369073645536,0.673994711775515,0.11441644843269462,0.554956721766318,1
0.8682310168276046,0.29725055863208,0.2780749562642983,0.3339621595970398,0.5890689288009751,0.1549500901963522,0.4845849381143106,0.35556692139582535,0.43672743311124385,0.27614744320971063,0.27093484665804146,0.74370082348032,0.923126226124556,1
0.8636113473757943,0.2777810162246186,0.2762750639214104,0.004909815829783337,0.6741953737544778,0.501510865222874,0.7762207142908131,0.876853142592299,0.4587662729402963,0.38382867554530925,0.36323368991211147,0.6844502870325679,0.25591790402113657,1
0.8666132986441186,0.2845040318663169,0.2472917507737855,0.04803823237507532,0.7141064128562941,0.45928859837661806,0.8742426471761838,0.11550762423227223,0.4060724872380998,0.5221762269244237,0.64522022182809,0.4436784656817192,0.8962518941155668,1
0.8632444422207768,0.281414553580103,0.2592686044946845,0.8387779550108211,0.4296047612343422,0.09269791931415405,0.46215166271904307,0.8771253063739697,0.3888953855593112,0.44420920776687517,0.14290265813358244,0.9153910178070929,0.14772321687208573,1
0.9029202314837976,0.91664237831536,0.8592046830843765,0.07343550637201324,0.3787295783407292,0.08010443266156009,0.007057484390161628,0.8266929963561697,0.5383270607728194,0.8304774895999538,0.25334780997682527,0.06989813769812084,0.33135141948259617,2
0.8889945131001817,0.912134460312834,0.8560927196877945,0.5507429261498079,0.5706898606048652,0.8992831994953924,0.08498540089647677,0.944339879720712,0.13095551180013174,0.7242040741089084,0.7666115572736455,0.9460641915116014,0.1170661342663004,2
0.8614265939527359,0.909511318371709,0.84381308033912,0.7530906901282888,0.8508934414145191,0.8152137564178015,0.393802008752522,0.023191276519372694,0.7873785905605878,0.3038442322206952,0.3262281789430617,0.3420914795083164,0.20214000295709172,2
0.8232017478027385,0.8884095987564364,0.8504238998788858,0.9975345243422162,0.6329056141387182,0.7116774804376348,0.6956389354140375,0.29875014395935573,0.2185507084422975,0.8509401139299244,0.6029605045905811,0.3871391284655733,0.632995384762019,2
0.7938159803872517,0.9066550082580394,0.8365966895438031,0.6569050114989594,0.4507605669392827,0.2267846723820116,0.4995369655822486,0.4677528843547406,0.8038257865297755,0.49909216662218686,0.11434964522674088,0.12561823115366966,0.2319833047806102,2
0.7686662997615117,0.9070241911979016,0.841188938231732,0.3019314257269431,0.7494388040241802,0.9088946167243056,0.5980511811354146,0.023195650434397974,0.29310224669298374,0.8940932671124444,0.5154320179740773,0.5853303731193608,0.4314843275545279,2
0.7358282883874518,0.924978140483824,0.8343762616067825,0.5444444519846586,0.6308624424404756,0.815493333816351,0.303429701803147,0.23440029638298165,0.8117185652448237,0.38629831193627634,0.7643322845618121,0.333355944618469,0.7700522550754152,2
0.7078767865779423,0.9023025357038764,0.8258814426053023,0.3737460345268683,0.16061240830311274,0.7793500559960111,0.02710649774663043,0.5647903740377629,0.3851102465846366,0.6183481625386706,0.4094318288946697,0.4009832745229973,0.5897336602898888,2
0.6863961575023765,0.8904109589041096,0.8219452294442202,0.8332175452802216,0.032399155634541765,0.1644670249525546,0.991941450250166,0.3075505432834572,0.4555899107790131,0.4419262450320273,0.05821282195911689,0.4607215818393663,0.5035027010993759,2
0.6565767749036873,0.8960069950451763,0.8288251917642311,0.7678810894170335,0.02841396755017489,0.4669607975645371,0.042922865630152685,0.24545888629263246,0.9103722763602422,0.6300544250196772,0.48855869296050863,0.9182648625463766,0.6249242767857602,2
0.6352295658844915,0.8713105994365102,0.8089422688736375,0.017284342211825066,0.6793699077466818,0.4540738073830082,0.3520028369289,0.42047291719337077,0.5935207972512953,0.5458951246441004,0.2809622175828982,0.43369518892460224,0.7509732647592593,2
0.6023248444822468,0.8748664140678131,0.8194220158794241,0.6802201446623114,0.25887870801398927,0.15459493738279362,0.041874670541842796,0.6538144550159984,0.3445784102347396,0.4017691308832771,0.6689052071746011,0.9078369853190091,0.7702568608021799,2
0.5887159987325095,0.8755270572233557,0.7989839860045755,0.6644918240298604,0.23924022998166672,0.515239914608103,0.9693779195076905,0.47337661517502283,0.8064632573245384,0.49980651057706565,0.2284423313819652,0.5996935559459322,0.6188905929095699,2
0.5579126432180916,0.8486155639755173,0.807159197954515,0.7661292500529391,0.35052572429354045,0.5520743982972739,0.7787418429904683,0.6979273060628478,0.7599675025049656,0.24476032782940096,0.05986773191659546,0.32935228219136276,0.45769250459962707,2
0.5528093260619402,0.8581754590498396,0.7950814156910242,0.5973691777888769,0.2946671950034917,0.056454458142692676,0.4822354291796913,0.7227439561173581,0.8156617993105455,0.1838162981820182,0.4757386347714033,0.5198962310230674,0.14676633000031242,2
0.5219892930404763,0.845506655008258,0.767612030682277,0.35970654700657156,0.7265247735175544,0.47096896437603275,0.06985747931685582,0.5809289454742945,0.24692921040672242,0.5849238069913743,0.2476422620551634,0.21041239615149449,0.12408451900203073,2
0.4997248211337369,0.849334499174196,0.7913302381913607,0.5491691586164033,0.3217299155037664,0.19910310957587152,0.9855578074576734,0.5856345104399628,0.9618531609574773,0.1460073943447643,0.40330407504666355,0.7005848536960048,0.6778504025222017,2
0.4959557045412851,0.8362187894685709,0.76749428071592,0.7244405878106647,0.04219561638663094,0.7332998377931648,0.16149849293140317,0.4831093576577409,0.4217898667388822,0.2860236774686654,0.7629930260660884,0.1259007027000512,0.04468121129094073,2
0.4740914928036556,0.8191003594675993,0.756997712286368,0.3937147864705094,0.388914221883468,0.7907146361574829,0.20262507277431951,0.9450491411573432,0.6008746752042586,0.9393097283734241,0.536777256690274,0.4146389614215701,0.7405129298856088,2
0.4608829072230282,0.7900514913047703,0.75573610550397,0.8499509250929048,0.49141231043557465,0.8762433383880582,0.5497466164712731,0.9183317367483973,0.23518487248813033,0.5165402608038185,0.5666153147268461,0.630408633298001,0.7600511150393752,2
0.4532112539817547,0.7995336636549111,0.7575023549993273,0.48850374730641455,0.97761253102664,0.7439858385138565,0.6582429007682308,0.9941388292657111,0.45688795503783075,0.5695310902172455,0.38553317580213947,0.2134467006354869,0.14360747548642824,2
0.4367839095412017,0.7652773729719227,0.7397389315031625,0.6954969397659884,0.24494574863369467,0.6473021073228062,0.16971867866273227,0.40474783550120685,0.7326557583357723,0.42458953135377936,0.6962795812345446,0.6426737202715099,0.5820745978602003,2
0.4232084188055569,0.7643447002817448,0.7251211142511103,0.7033389103411463,0.19076737527577348,0.4232536308481426,0.22937007572428014,0.4138107835504,0.08607241174107683,0.8650054990800533,0.4207660009975516,0.5878891261314522,0.2377418880664692,2
0.4254765597638464,0.7314096959098416,0.7190149374243037,0.23126799407285326,0.7030128751108298,0.8346393433250555,0.4812309580821347,0.7122982228582864,0.13858049586710547,0.780375493199892,0.40321297615490054,0.4550319316711403,0.11225014755220908,2
0.4086322776471373,0.7427183522782473,0.7221773650921814,0.7548339584624295,0.807712124275979,0.8021412683336109,0.6573250878641598,0.7387005839678107,0.4423905017348346,0.8849895812462957,0.5726821284242112,0.5951195033789901,0.7488465848450041,2
0.4007938493354013,0.7219080928786554,0.6940351231328221,0.729377081129842,0.5229356490193289,0.796040603416805,0.1892119055878354,0.7198934882398283,0.39085024404859653,0.7921630753801381,0.5594209457755516,0.27537689676872656,0.6989095915544493,2
0.4117676489718316,0.6946468473720003,0.7016047638272105,0.6383505961562338,0.5407189131007601,0.6043442525153001,0.9182987975145487,0.7895005561302904,0.8735424002315674,0.41563165834237303,0.5586230489049308,0.7365509137425414,0.508118052782793,2
0.3936391988125615,0.6667055280287574,0.6796359843897188,0.6906472423253603,0.9007677180191742,0.8713315943333568,0.3276158073186056,0.8607473856995307,0.09447719317780276,0.14855561909817716,0.7237540702881518,0.4512574441072845,0.26919020762504475,2
0.4037290905755407,0.6571650636354804,0.6856412326739336,0.8861111769023939,0.5823463346102041,0.9253779100345005,0.1754610821608621,0.8020227735448248,0.3171476294898026,0.3327707682718964,0.6563738458997915,0.1370829840914099,0.2583941022130904,2
0.3814312636547088,0.6428640823860876,0.6793500201857086,0.24263572972620384,0.39967900114698596,0.5079887815330915,0.421753165150601,0.5168230513279659,0.5064560957049217,0.6313345892723743,0.7186359506226166,0.608718268361289,0.656911978837495,2
0.3991761311519153,0.6090546973671427,0.6564392410173598,0.09268115644624964,0.05899722955385056,0.7243165900203707,0.2703633550392862,0.27754518925330196,0.4148030512352905,0.7149494881526827,0.3759267770167553,0.2063078349769938,0.68593659579003,2
0.3936725538266539,0.5942290877295249,0.653663706096084,0.70026265338568,0.7566404512998011,0.5349746969952134,0.8177376176070963,0.35065176912033014,0.6224394180042959,0.6508025819488515,0.2506425227156223,0.6424204836663249,0.6623767646227968,2
0.393472423742099,0.5750315748566988,0.6457912797739201,0.8900416237621592,0.6382336973586779,0.846726312562582,0.8139055306323555,0.7009522324168604,0.5553140781777464,0.9359541248670851,0.5202476930985197,0.5112391031619727,0.28975808281465393,2
0.4002434916028751,0.5448168658311474,0.6142006459426727,0.9241558761446781,0.7542240304477038,0.4502103376885973,0.11840583320751819,0.4033459123797647,0.7747921379521405,0.5749025144922286,0.5621116917614941,0.5278156877977871,0.7208794472890708,2
0.3858841580360567,0.5314485572719324,0.6150585385547034,0.6137564228390128,0.022958779062946744,0.5965002785329043,0.4079472664159526,0.4756002758549902,0.36808677218448055,0.4627884499285405,0.7516316241942178,0.9085968462311343,0.34824580037448033,2
0.3918713830656593,0.5202759156708443,0.6050161485668148,0.06623218336511338,0.07823635147965935,0.6484473769113032,0.2692606431823166,0.15433923630913582,0.6781411907288126,0.7284327907986526,0.25644419379619354,0.04853431056387953,0.7370022171118606,2
0.416520738480012,0.4794714854755659,0.594300901628314,0.8667394584868117,0.05714442910066653,0.7030980343833199,0.8230496907202036,0.8965374755967543,0.1916609165207844,0.2588701731611143,0.35191631360903447,0.38651182809842505,0.04918335155312017,2
0.4101332532812994,0.4581754590498397,0.5831146548243844,0.659260116339259,0.05363459910023094,0.4375872603762716,0.8745124677601195,0.41052840314649586,0.3848830578970869,0.712486881498718,0.3119559334201419,0.646408507413255,0.38879809989504716,2
0.4241423592001467,0.441309627902458,0.568429551877271,0.5353540875802147,0.7428002849357681,0.5770380547746751,0.3605818472215063,0.5921996692973718,0.20795738854320217,0.2420977303524845,0.1806445059469802,0.1766738131231996,0.3977441273364331,2
0.439435633161555,0.4131351403866705,0.5547369129323106,0.4644702205369484,0.33272616831072044,0.0698080948364137,0.26040582884295826,0.995092256963542,0.5224829572188769,0.863482713702718,0.5850928757175217,0.4640339583536905,0.48963049388785396,2
0.4499591401077366,0.3841057029048868,0.545787915489167,0.29272932300395715,0.3483760260265435,0.9810840827133354,0.10276549266368473,0.2527807327117413,0.7097348043549746,0.5618874955560219,0.8511235464044878,0.3552742223210267,0.8672373211954985,2
0.4424542619369256,0.3296803652968036,0.5432815233481363,0.37662834907555165,0.46408935210036995,0.4049489808578155,0.2745203458966947,0.15038951433535586,0.44739524488512616,0.4913260717174249,0.2701215364986511,0.38013694482545024,0.7407973249088757,2
0.4746418505361818,0.3133003011755562,0.5293029201991657,0.555416305493424,0.16898043339718682,0.003649267882667395,0.7591408476445688,0.7636356348346681,0.45687676556541457,0.15631073938457277,0.821132357362318,0.6569048068011133,0.3315925757401375,2
0.4884675038775203,0.2807927717866511,0.5077210335082762,0.36117320083178717,0.8819018771293257,0.159288781236831,0.9009739100090952,0.6814104515259081,0.05665706637487139,0.7463556582753395,0.25284979673642816,0.22523839086038877,0.41462847828023663,2
0.5027768049232,0.277955892354027,0.4993271430493878,0.6702376837187322,0.05003178904649341,0.7617523490235757,0.1690660533744851,0.53568355690545,0.6347782254206107,0.35592098130428856,0.7502995252055442,0.577794540984188,0.9484590463892254,2
0.5100315204883173,0.222073253667541,0.4831617548109272,0.5502273004595917,0.06048194747314817,0.2952758249089018,0.9194761772533087,0.758886190987896,0.4952472137857661,0.11462931728041946,0.6386344043779244,0.4479768250944961,0.20131196061969447,2
0.5410016510731975,0.2033226464587583,0.470512044139416,0.3078588981898869,0.9771517087211744,0.07205402999519439,0.6525757385032559,0.8035949942072589,0.5275110986757762,0.5036787667101144,0.342899487539727,0.7929692789672824,0.6775599771131635,2
0.5500408598922633,0.1586515107354513,0.4740950074014265,0.8476235722752982,0.6468396415641562,0.7394080278598361,0.2463119062984822,0.7825810949604604,0.17487674662691904,0.4457803555991601,0.6445859703992828,0.5940894687011601,0.436766847667972,2
0.577875619152449,0.1218303701544739,0.4480890862602611,0.6806227508015943,0.5739940078733203,0.26689017977346896,0.672098102341149,0.04963821802766111,0.2747607664610973,0.46020817867282393,0.4832880681205066,0.29347634662214495,0.5167297972557994,2
0.5927853104517936,0.1065772855338579,0.4432613376396179,0.5022268476356928,0.657436152701998,0.3385054205909317,0.5999163068580698,0.05590607504462897,0.3361888192145929,0.9514985280194832,0.8043611505243734,0.2534453321312247,0.7088451868055867,2
0.3557979353246276,0.3330418731176527,0.5972110079397122,0.33451841382908476,0.4909128642240288,0.8283100275383884,0.5366406402555322,0.929830215879923,0.12419233979681651,0.43262469932330505,0.5925059911037427,0.5887376542424738,0.21509111734501404,3
0.3687730358066076,0.3378995433789954,0.5881947248015073,0.37323653885580466,0.8921810655468647,0.5818882185785339,0.47029020588227133,0.18254755301498482,0.4595993738302031,0.30391382686868396,0.19719077274781407,0.42109798835222356,0.6169213957984776,3
0.3760277513717249,0.3237345768969202,0.5609103754541785,0.8264006660920508,0.7952419536471832,0.3874739739025084,0.32126466691463207,0.27388613749741675,0.2709363220064626,0.16913646366016366,0.07048755237792279,0.4777457265576657,0.8168731717531386,3
0.3824819465986224,0.3502963178859419,0.541515273852779,0.340157695958205,0.09098876347239093,0.8545820285172337,0.4362446757747276,0.17759106714603912,0.2260019311452055,0.24911652155222072,0.6703532135959498,0.5083424162820591,0.6657485141998379,3
0.4019612748286386,0.3339745458078306,0.5462420939308303,0.6816018206195658,0.1754029748521606,0.8796831284592564,0.004382763075076457,0.5532238877365364,0.28584471098280867,0.07187652867118749,0.5128976565260024,0.8133938583521135,0.42173472832755843,3
0.3846500225146344,0.3260662586223647,0.5126497106715113,0.6405240234880739,0.34261202494648735,0.19312981444608457,0.8993082864359172,0.5919223555962168,0.6682050551064086,0.5669050694072219,0.49278635129442405,0.3236419367572363,0.8022813650324409,3
0.3913543803472256,0.3387544933449917,0.5020858565468982,0.6952708149120693,0.1660636835879209,0.009576703171974343,0.9070521255950732,0.18807976281421657,0.610650605035185,0.9147242805076609,0.8594948800768911,0.18153416782325157,0.5963435528769204,3
0.3859008355431029,0.3369085786456815,0.486542860987754,0.05490486021901475,0.7773248961497485,0.5664818743937239,0.017148463873168263,0.557547012677294,0.2406282504377373,0.5981291541477135,0.5560320503662269,0.34979354565748744,0.4091912208102184,3
0.3874351661913576,0.3139415136500534,0.4755584712690083,0.5088275684273834,0.9230796137559067,0.5902011104310546,0.15061314774823664,0.6251501961977859,0.33252858843545596,0.8980881956480897,0.19514629989351728,0.8487757503089521,0.4085198367286173,3
0.394823301812845,0.3286699698824444,0.4589557260126498,0.8004510980048779,0.9676048827885775,0.3112235437971914,0.5771722219923556,0.047683681477162954,0.7890620220926244,0.5483369953933154,0.6663459083578551,0.33671177311945627,0.5177693686541512,3
0.3907873451076532,0.3197124259205285,0.4520084779975778,0.9549474579619023,0.1428579567045597,0.6528439272313702,0.8559559211828818,0.47969935411933695,0.3524215424052666,0.21103281132744228,0.7684806857087753,0.44219136815396887,0.5543881331191517,3
0.392054835643168,0.3190517827649859,0.4321591979545149,0.97781488213096,0.4071662173259364,0.5686084451713379,0.8527834090506343,0.016299806762282043,0.886757746906108,0.2876179232055719,0.26998713965062643,0.6213337023955093,0.4295829392247145,3
0.4121512316338953,0.3148547556591858,0.4331516619566681,0.8631828123811217,0.8458507924017604,0.16470675149731562,0.6976357681499552,0.2758754969066457,0.45794604453275917,0.23077052693697284,0.5257209594650977,0.34289525501368573,0.3166800581889533,3
0.3968913126865795,0.2990576119692995,0.4135210604225542,0.1919008761020986,0.5108868822324362,0.7113185933535645,0.3806246983809094,0.3412068600960364,0.0840487142407439,0.10792773080585899,0.29831188399409025,0.6926551557738461,0.1800747687374135,3
0.4029619252514134,0.3142718352278247,0.395404387027318,0.22423194616767572,0.5744307700520942,0.5831748324348366,0.8678537426194803,0.8343825561071886,0.7827995926398403,0.18478329317397924,0.9377323241007777,0.22599853940352255,0.1661727488071974,3
0.4017277897299911,0.3080928786553968,0.4016451352442471,0.008096954230031983,0.14670031527491878,0.13177886012559537,0.2719741928877667,0.7422393864051255,0.8867078326539857,0.20877191539376644,0.6936459472631978,0.8781541030859275,0.30786404339214657,3
0.3906706025583295,0.2956183814242689,0.3684228233077649,0.48928255895516404,0.730290390996539,0.8412711952099982,0.3696805067258264,0.003449161547000257,0.4868829584176584,0.421265964185899,0.48773905134006657,0.3789888140703602,0.6332607906703788,3
0.4021447274061472,0.3072767900514913,0.361812003767999,0.21320301426185229,0.6169536037498473,0.5729825035842382,0.20411069461323483,0.7543712582315689,0.17508311449658337,0.8484995575438632,0.48272483510203207,0.22795002223452407,0.790601659701357,3
0.384549957472357,0.2890119498688429,0.3519546494415288,0.028966496108376205,0.15476073973698834,0.5184068961860657,0.60455919776875,0.9173145628664763,0.4635339588324749,0.33457723215887586,0.5037675244651545,0.22570930070190104,0.31558528488726006,3
0.3764780440619736,0.2951326143981346,0.3513995424572737,0.3840212158058136,0.8127612331925335,0.4722813671640038,0.3021022354393923,0.9526691450427601,0.1899696191552325,0.6339240687368127,0.165317289571441,0.409275458266398,0.43424514350025295,3
0.3646370140591384,0.2864082386087632,0.3290606916969453,0.49574027787798736,0.7073399087433643,0.2923696097584687,0.8846434731392365,0.4766327239135907,0.11988580583096207,0.7476546871188562,0.40812237529320905,0.7716539838594343,0.6418399467158646,3
0.3644535614816296,0.2723598562129602,0.3283710133225677,0.04684996873059122,0.06729744433002349,0.35272100215468305,0.4276233392845168,0.11124402992275173,0.7268697535821665,0.9011109787310384,0.6912176654500665,0.48546577025595106,0.14782387314750725,3
0.3607177999032704,0.2787331195958418,0.3091777688063518,0.8489195680622397,0.5567389725478771,0.947898826874922,0.6509229387360641,0.7989760553911508,0.8172198755573201,0.936276941752533,0.8306776873550235,0.5389675594531051,0.5299983372277715,3
0.3622354530444788,0.284717769357816,0.3126093392544745,0.1704426342875105,0.04405447687561137,0.2281514307219824,0.4191884762522967,0.05008627531243881,0.8978772652286295,0.5232211916559989,0.7429613141179675,0.5805780114615429,0.6806723151340709,3
0.3529794366338119,0.2817060137957835,0.2949973085721976,0.9274218749339824,0.29887614302994225,0.7924773092337466,0.04586784850070913,0.8498054695798551,0.9103343893710699,0.88282476669014,0.45115197639776705,0.6623401661576973,0.5344310264817499,3
0.3587498540718133,0.2587583794812008,0.2766787780917777,0.33326155637959165,0.514749725227718,0.609472773197337,0.6107896266073632,0.2961277617996936,0.6738444740989613,0.47806558579135294,0.25752823116946916,0.3491347631860448,0.4125888074156119,3
0.3517619786194359,0.280734479743515,0.2731631005248285,0.2539940023389238,0.3881259412734581,0.5561542849374864,0.0005571951401310837,0.22713976767810196,0.2438809431910425,0.6513193332884292,0.5062772841428218,0.378930382280024,0.5790055383689825,3
0.3356681843198078,0.2637326338288157,0.2707744583501548,0.06998919976055284,0.8330303992383614,0.7005169865137016,0.8313419615338855,0.6695644821677814,0.543647241432131,0.8195075036417935,0.590308994328156,0.4620292731945912,0.24263689215142525,3
0.3172061840196127,0.2599630817060138,0.2593695330372764,0.03521605617781465,0.32730032193147884,0.8819496084947199,0.46656292163245616,0.32191923387468946,0.7067089907294871,0.4588542679405264,0.5188940296149371,0.2995161900012195,0.03832006335184691,3
0.3074164873834658,0.2518799183911396,0.2520858565468982,0.15805871296413976,0.9128799102819335,0.09388140396984723,0.36087359653068596,0.3160710338684888,0.4192734905262069,0.5098738841929786,0.16659301665047083,0.4308021920920502,0.422489871076888,3
0.3183235769917112,0.2398911881861459,0.249562642982102,0.6372711755739873,0.9114522703181672,0.7398927212302466,0.9658303895214857,0.28488021428331745,0.5011995876584192,0.22975089004873622,0.8861955311507508,0.3740761929085418,0.32290470340768346,3
0.2945414519437633,0.2682988438744778,0.2528596420401023,0.7459753062562023,0.7128680300904396,0.05316353688034825,0.5738676934020593,0.8773474534109513,0.3260682899635124,0.8093756380642126,0.367398451977496,0.3873902664174257,0.7838029476094905,3
0.2779139774186554,0.2471388322160691,0.2393352173327951,0.030287275261336344,0.2273610037100955,0.5356305019429871,0.6080205164769739,0.5445244306958534,0.6625806553076738,0.532476853678917,0.5356348758754186,0.4702358428819843,0.058252370715812386,3
0.2780640749820716,0.2312639658020013,0.2254238998788857,0.8831391757824815,0.3792467857029129,0.6584395521477845,0.5447509112636868,0.8213793774702564,0.7774567416847333,0.9211861796653528,0.13177277395650083,0.6450158375855295,0.5152997159675422,3
0.2641383565984556,0.2396385893325561,0.2174169021665994,0.3908868776616603,0.9189320165511732,0.8474263945044644,0.7231056243761361,0.9158424798957838,0.7091649347345459,0.5767043824796183,0.46212493548567607,0.6515352629503789,0.8084383683079227,3
0.2414069144944213,0.217876226561741,0.2165926524020994,0.662929558219731,0.29379860288132764,0.9592969282764884,0.3518444520076751,0.3467629772122899,0.1656797584371927,0.36990234457510296,0.5710384324133653,0.8518102515614152,0.22720027598652773,3
0.221243808475509,0.2110366268337705,0.211865832324048,0.6270705969236273,0.5003748826063735,0.9964316210448537,0.4143707580542725,0.9328752837784532,0.4107526086208905,0.6912303060823838,0.5899353364405187,0.7801777209166605,0.6005976380248643,3
0.2314671202948582,0.2287574079471485,0.1977863006324856,0.4506673749002069,0.22537451522559726,0.5356229642780048,0.6734075820228035,0.3003851789826012,0.5473601331724355,0.3343296305092917,0.24516302016116304,0.038459477492935525,0.7928764688193498,3
0.2142225780090391,0.2084912076168269,0.1810321625622393,0.5869458666800306,0.4370195117633212,0.02135916659538506,0.06489740483727591,0.37986063040160045,0.7506767836406312,0.3614340576672666,0.42086114618105264,0.8218503846651835,0.1411619093696604,3
0.1775987725354813,0.2127465267657631,0.1762716996366573,0.7006720096633601,0.15830544419314796,0.9625618613090577,0.36300061175563914,0.10779959464121991,0.465709407075599,0.7627664032318261,0.8799042363163186,0.6017066279890005,0.4913031949054972,3
0.163989926785744,0.2174487515787428,0.1850693042659131,0.18669120027488884,0.920550992041559,0.8451601535041988,0.6620859721797083,0.05861325529058825,0.43341302920602787,0.49102245518637927,0.4684157881114732,0.9397254367341307,0.6157770418522411,3
0.1536999049382097,0.1860682016904692,0.1873738393217602,0.6421250334185737,0.022992792820962338,0.23483595030733362,0.06753000288117006,0.6708176689900864,0.6134019997105179,0.1913367306694167,0.5458930228933498,0.13932439974828853,0.6151200945890485,3
0.1248811727622954,0.1899931992616341,0.1857085183689948,0.8191975913679277,0.26133000189229927,0.9959853814321872,0.5423374928685497,0.849521859017268,0.5288281544139547,0.8366304712362935,0.21772313929180087,0.555542302702406,0.38948188850736043,3
0.1208952485782424,0.1659185854464199,0.1794004844570045,0.19670219398824418,0.7962960796318883,0.6307759274006051,0.07805799569945027,0.7640640133237034,0.32613925759781226,0.029808591502544966,0.4242532793795592,0.6446626644403471,0.3883705063643491,3
0.0744150364403528,0.194812008160886,0.174942807159198,0.7641405088336078,0.3779690537314304,0.2656087723308034,0.07495139037149767,0.6027295672399386,0.7023028980599224,0.3509505772825994,0.28310589496217714,0.8268944579209021,0.7184221930723625,3
0.0964793782625373,0.1600116584086272,0.148684564661553,0.2990750798143371,0.23365044773131827,0.44887585071996405,0.12850074084434726,0.6596972628099442,0.06765768348521391,0.5207704664979929,0.3430987331906784,0.710005831924224,0.5966059020059761,3
0.0667433831990793,0.1665986592830078,0.1547402772170637,0.32408009287904915,0.2938410356732504,0.4326492850037412,0.4343384662764238,0.43499606817636893,0.5817228612403816,0.20737321789062949,0.49823689998125853,0.632911037560613,0.3068259830288963,3
0.0440286186020912,0.1610414845040318,0.1555645269815638,0.2539153631202703,0.7530850646241103,0.8957039947869322,0.5653892158844745,0.7216015888723595,0.4037016354646213,0.5169910726278176,0.24242326083930596,0.3724445828482151,0.600054350548798,3
0.0419272527142642,0.1750121441756533,0.150871349751043,0.8103464901995043,0.28586470085676763,0.8692405370524049,0.56938734380339,0.635386046100592,0.23692882287529704,0.7636932205575974,0.1112051049874315,0.26582503001995894,0.757735485952782,3
0.0,0.1467016418925483,0.1575158121383394,0.5530904412625045,0.8845381900993503,0.49196227195654785,0.7097204185773073,0.25930779464386555,0.4769938732115064,0.5598005117616969,0.39735391510271106,0.5759625796847879,0.47085428722011496,3
0.7065926185353812,1.0,0.7418920737451219,0.159884761225202,0.539213349523151,0.8248029284134092,0.14436143277357893,0.7252552153462711,0.5523234801660636,0.2708858365152463,0.5383462120368273,0.525007201943226,0.7087122224320686,4
0.6855622821500642,0.9497133974545808,0.7288386489032432,0.2739102409931785,0.11145309403962889,0.8098011224840044,0.05801787000317127,0.41966483293995926,0.8196260327656281,0.5665334657437191,0.5078062974191375,0.7741139975817096,0.7257182434247788,4
0.6899984990243657,0.9179248032643544,0.7080641905530886,0.6557247899486898,0.7024624946098211,0.7659478390492314,0.09946238930415097,0.13100291359507876,0.6408109752621888,0.40204805763479273,0.3799180053948914,0.32572602737376555,0.7897635815956416,4
0.7061590033521788,0.891693383853104,0.7046662629524965,0.30618324912320416,0.8428544940209691,0.8954530953005463,0.42219038541406795,0.2818102645718572,0.6474374185037631,0.6695404070212247,0.45700297493487435,0.46504869480768923,0.5382261208055703,4
0.6935674855322626,0.8482075196735646,0.7083501547570987,0.6146490167056731,0.42974535243218437,0.01982146466974488,0.6080936582182557,0.9283831355160802,0.510617847071603,0.38888114387026734,0.5327130486131193,0.5939256655723602,0.7160827527546472,4
0.6939177131802338,0.8188671912950549,0.6771800565199839,0.6660462978415574,0.7246265575819668,0.0712459536841974,0.6133216779260051,0.9408353537951932,0.7819002567337354,0.43275329788716943,0.8592184110151114,0.6446231941922518,0.29802074780076476,4
0.6900985640666433,0.8037112600796658,0.6750100928542593,0.2717876266900069,0.320607915060382,0.2501833179850478,0.5980162764637188,0.34460650873214793,0.35293113064084,0.19719689556401165,0.6521738681743358,0.718246772745789,0.411952299525918,4
0.6873300978969663,0.7705236568541727,0.6430157448526443,0.8487989533667465,0.6763069090309096,0.5450017239102053,0.7613505838551574,0.20791001166835932,0.5462487526241415,0.17210752300884138,0.11702415304146789,0.346159723537455,0.556364659210593,4
0.6910491819682794,0.7407558534926648,0.6527217063652269,0.25072416280240595,0.42358363845317837,0.39387249704551797,0.4396775913055869,0.9871378422882722,0.4138457058735526,0.7066619303603784,0.8882694731549129,0.21384962960194273,0.4304806496655418,4
0.6758559730491486,0.7152239385990479,0.6280110348539901,0.3239790274223281,0.8485518735745167,0.8336801694829157,0.31696411622651066,0.39299048514037227,0.03711358588144589,0.6658761541472684,0.5614913622962187,0.13855008557296794,0.532141489687964,4
0.6846116642484281,0.6963956086660837,0.6225945364015611,0.0226289686240706,0.6950398754758546,0.4847464819599455,0.16947163566769463,0.9027201908617364,0.043970281398082074,0.5377506186706381,0.924645230291619,0.3715641828604669,0.5786798401188393,4
0.686763062657394,0.6647041678810842,0.5979847934329162,0.4486537780941814,0.24181503827798212,0.47558618033221167,0.17044000384460534,0.24070276097576393,0.4457343961708129,0.6383658603528527,0.5907660881481616,0.16392417563369446,0.3049069479210331,4
0.6738880272176915,0.6477023219663849,0.5852341542188132,0.645601814303082,0.656154527881763,0.1052456464029845,0.73607796912263,0.7718434345655542,0.5084784963276501,0.39251935947257866,0.3047310252188086,0.9034295959184296,0.23845366796470396,4
0.6822267807408148,0.644301952783445,0.5842080473691295,0.5375096664832072,0.6088454751030641,0.6104936511932131,0.7758065772107615,0.7127390948783744,0.4829113706881858,0.538209855838552,0.8500358438443363,0.24053265770189758,0.672722532063797,4
0.6796250896416003,0.6154085300689789,0.5559985197147087,0.7853742617981513,0.5165554358188564,0.4684544447209462,0.14116960546361168,0.6715445851193338,0.35036847955269373,0.1206646635812972,0.27410546139333947,0.747028861293126,0.5718987357482498,4
0.6878637781224461,0.5801224132905858,0.5641905530884135,0.6418975448002354,0.7709666027174191,0.6471262443371469,0.4954345904324664,0.05780498067189743,0.5806594502234977,0.38166265233762264,0.05707151112816928,0.5594122178741715,0.08281295045483625,4
0.6745551274995414,0.5804915962304479,0.5470158794240345,0.6494886560415266,0.6752854449395481,0.13432950236258367,0.23554688004738644,0.46361295163579097,0.5973146371536115,0.37223138682514206,0.8268549419451862,0.3030351576446128,0.07782744233408567,4
0.6775904337819582,0.5638006412124745,0.5191259588211548,0.11713503900051014,0.9942381538009021,0.07360439610988823,0.6998427269344791,0.872435590978297,0.9781121299903184,0.7439733676894437,0.7854600384183203,0.7264936509243282,0.5953050983318244,4
0.6858291222628041,0.5669872729039153,0.5070818194051946,0.060703561461801225,0.4790959718418438,0.44122763035745793,0.9769071235861055,0.9611680403277428,0.38242524194463356,0.2279681195133777,0.7501315705926493,0.5051892327639297,0.5653413564658741,4
0.6868631276996714,0.54757602253959,0.4985365361324183,0.5836049482978632,0.7498742547947559,0.8671061975707721,0.1069724872750285,0.11105570161009914,0.10122378886668444,0.4329501651184577,0.8157661749193829,0.9074605247307727,0.40335364437041005,4
0.6766731708944147,0.5325755367725639,0.4772742564930696,0.6403905047195769,0.9070976888553152,0.7100162480536198,0.912914606727942,0.1647924075295093,0.6864088949486629,0.16255110441812942,0.6492264329949138,0.5414973646790445,0.07176748815153373,4
0.6894481412918396,0.5253667541047313,0.4691495088144261,0.2749021598445811,0.18902910874069656,0.5398015693486496,0.9564434918440554,0.20021447191749708,0.3745699908747791,0.7048371222393671,0.15531166717163225,0.578022957626726,0.8158839024197011,4
0.6849952469104917,0.5127562421062858,0.4572399407885884,0.44601607933914533,0.46726035015793443,0.5464116464658663,0.29965389264740916,0.44642673259073185,0.8174933475916814,0.5212657105305103,0.775268874941418,0.46987204383019426,0.5758842416098906,4
0.6899651440102733,0.5276790051491305,0.435557125555107,0.0005499522717316019,0.002914087932876064,0.5261825416628004,0.10483121843936172,0.6099099770757163,0.2526049253850533,0.7431513338613641,0.10635525430277139,0.8093324852536311,0.47160458323314364,4
0.6746218375277263,0.5144855727193238,0.4246063786838919,0.4108073882832888,0.4312765157020291,0.29745937259094213,0.8627550137910506,0.3440096463328959,0.710099044992727,0.7507969598271346,0.3566867898135997,0.41071886045303313,0.4706594930104177,4
0.6863294474741914,0.5224327212668805,0.4032936347732473,0.8647990905704636,0.06606870424656686,0.6328422968720778,0.18496893525577318,0.9249302065327518,0.18670835278745876,0.774029168728479,0.7799419689034788,0.9109266882600104,0.7195506762178178,4
0.710962125381498,0.5063829787234042,0.3824855335755619,0.044133427311960904,0.8324571419822491,0.7668519424836473,0.3983464279697587,0.06418573653069293,0.24311807067590013,0.21112269489038288,0.35649047873524287,0.6294521645248471,0.8358539034715845,4
0.6979536698854254,0.5201010395414359,0.3853115327681335,0.7072191034463253,0.7250408824737273,0.791365412851641,0.6788588713272703,0.8212814607516061,0.4398054467541311,0.280544285878981,0.17013198124641776,0.45848895597892636,0.5038425037838852,4
0.7116292256633477,0.5234236860001943,0.3681705019512852,0.39762233383168033,0.6480705515229542,0.9033095892344974,0.2919221584765457,0.22687218225066685,0.5184569229834863,0.9802321286399303,0.7189458176970406,0.6260007018663105,0.7436808802707643,4
0.705225062957589,0.5072184980083552,0.3406338312474768,0.3032991606153549,0.0178634241649952,0.8414942616655816,0.17475205056323817,0.008546077615483316,0.5058804248517531,0.31649766431856924,0.7109158997346788,0.20604521204207107,0.7712643706928296,4
0.71299678124114,0.521053142912659,0.3328286906203742,0.2621621434787301,0.46998594784666325,0.9024963971926409,0.35098426745164424,0.8650274188234053,0.3616107882414142,0.9826750266792964,0.31127980517469456,0.658715880333695,0.5762610803330465,4
0.7148813395373659,0.5086952297678033,0.3099179114520254,0.9305158479108404,0.9880096471499809,0.5857522410812257,0.6567824182316087,0.5523461379528316,0.2026052730123963,0.7152514139631098,0.4227586405965685,0.407872423524822,0.8852237093637721,4
0.7306415836960691,0.5510541144467114,0.3100693042659131,0.7885669276351089,0.6874916279599714,0.10363320556901834,0.41012683082013546,0.8534704727204548,0.5477141254220254,0.4745098137288646,0.6267085567595971,0.4185260583198449,0.04887835821299546,4
0.7333266623305148,0.5647527445836976,0.2947113443681874,0.4212596535029616,0.7885646798285315,0.8445913864918744,0.7724500302043694,0.7272525679850225,0.33170457521690266,0.3509187908024535,0.5889768187881401,0.3744051123143428,0.4170835996865475,4
0.7494204566301429,0.5576994073642281,0.2819270623065537,0.3330557570044247,0.5023278415273661,0.8369178258221227,0.43517341123301556,0.5745068603144675,0.384975766695602,0.7491859887324929,0.632896030245699,0.5062087588553559,0.6382026260909431,4
0.742866196360968,0.5819683279898961,0.2513793567487553,0.049694833185006115,0.43745698868991123,0.49995030888562586,0.15798397285475263,0.3869394123566776,0.5624668242264116,0.2018543506068702,0.5033214291346526,0.9532825900296462,0.49826913822177005,4
0.7415153182902219,0.583483921111435,0.2405968241151931,0.07660649168017131,0.9681808584508976,0.1400323562294793,0.718253684545712,0.26704579107958093,0.3909180849271619,0.7595505862819606,0.9507133839733931,0.8394164452533939,0.3736049115079833,4
0.7414652857690831,0.5849995142329738,0.2309749697214372,0.9807349615115626,0.8609384268929652,0.5320990815477477,0.24310390404124915,0.09512079828888842,0.18608654180894602,0.6839916444935759,0.6583721356033252,0.34524836011078885,0.41418990625159025,4
0.7476026083621019,0.6103176916350918,0.2084510832996906,0.4265319845500165,0.33511420901448796,0.21362008438011237,0.9255718444806788,0.616253975281095,0.09282706323766163,0.6403174774359991,0.39386385736356216,0.37293258684093117,0.03110762572589926,4
0.7507880122079351,0.6593607305936073,0.2099145471672723,0.11737743854794769,0.46447677528749975,0.3268086637247355,0.7923586230194708,0.5737329947999181,0.39910388295064825,0.915914580965671,0.9591194977958657,0.550349082071767,0.5146662878635702,4
0.7516385650672937,0.6764985912756242,0.1618389180460235,0.017151638749234643,0.531199624319076,0.4803405675327401,0.26087744467638896,0.4364268312973588,0.5865135634858613,0.6863168504622507,0.34095462448300223,0.412499251945731,0.4520691490713133,4
0.7609946465202381,0.6873020499368503,0.1478939577445835,0.2606647472736118,0.13252566301882984,0.29694181655378005,0.9937659709668587,0.06076051180085551,0.4646603775873357,0.8126019504696993,0.5842526778005983,0.5807604087623164,0.39794251294411565,4
0.7759376928336752,0.702069367531332,0.1399710671511237,0.5715920803425513,0.8191906573637822,0.8647532133186486,0.4608499820806202,0.7118095485360382,0.41568202920403263,0.6841656588887718,0.5273530394862754,0.34036178948547574,0.5410831113534718,4
0.7851103217091109,0.7356650150587778,0.1217030009419998,0.4747305513567829,0.5676484353567272,0.15270791580996335,0.8207249853610887,0.8025781263793843,0.27113736867058347,0.5546428118479957,0.8019051518165853,0.31404739386836095,0.5260577399365699,4
0.78302563332833,0.7608860390556689,0.0965045081415691,0.2673791287511599,0.608241796337174,0.20350297917589266,0.7903007836592129,0.1321237837790582,0.40773840299912695,0.8331669624787252,0.42006043716064395,0.8278002447882207,0.2888716735546168,4
0.791948099598072,0.7918974060040804,0.0931738662360383,0.19697842070876936,0.468948716885198,0.3218815085058988,0.43897810088989664,0.12221597407838147,0.4905988133406104,0.04124374216535157,0.341447660292154,0.43082464957595534,0.2744958915330105,4
0.7995863978252531,0.8131545710677159,0.0625756964069439,0.7047387500514702,0.16059158532147189,0.09550208363164658,0.5389194192983293,0.8267841750613144,0.9075137337759291,0.2023051642586669,0.6674126634679075,0.24532963329694488,0.5093008309030891,4
0.799853237937993,0.8525017001845914,0.0589927331449334,0.6608767274696429,0.7293198374151496,0.26027322626314464,0.3637462154245795,0.5999156365072394,0.47475445638082786,0.08585013167248504,0.2413248546363807,0.09498891572768775,0.19330191904988075,4
0.8062407231367055,0.8682988438744778,0.0395135244247073,0.3065058035392413,0.36693313819101914,0.7722013924917421,0.08455047671564953,0.6462924762821077,0.7691959712488601,0.8685264475840297,0.33846374745556523,0.4965125384940203,0.6310103946833049,4
0.8243524957889294,0.918060818031672,0.0234490647288387,0.29528680984225897,0.26421557710103805,0.8106715934848863,0.8224016933725011,0.06583418675141228,0.368979642699431,0.21918078317236347,0.48332282514298136,0.07189023923331385,0.4335194057414277,4
0.1366888477510381,0.4393471291168755,0.0,0.09156328077825271,0.35933300472808427,0.44152837510475174,0.40600138053715384,0.6447821122152182,0.6794852472487092,0.5173723012858601,0.19302311611295728,0.6156070507009352,0.5661504159335216,5
0.1398742515968712,0.4311085203536384,0.0070313551338986,0.37267838138128195,0.23034364590504375,0.9757848806548369,0.9959824386585732,0.8147212327508773,0.35090746904112163,0.1295971581040434,0.06414066404321757,0.09706319842277028,0.46006588967174167,5
0.1328863761444939,0.4119110074808122,0.0068126766249496,0.8447254092881348,0.9799383758057073,0.7856796535538049,0.5639872185687265,0.04989835403720533,0.8148683653030137,0.5285483913397008,0.21953831261688087,0.5383395770110286,0.9442611617913736,5
0.1223128366771734,0.4038084134848926,0.0203034584847262,0.20604003904585655,0.5923103417350887,0.492114621476476,0.8464822152130277,0.01285716489489308,0.4551919388980095,0.6206506707755256,0.667788919695811,0.3653049535141934,0.27235091426202207,5
0.1313687230032854,0.3938987661517536,0.0173597093257973,0.4212731719772572,0.07753967308220955,0.2810273165062367,0.3767006697338764,0.734639070797433,0.2710764296239286,0.18194409954926316,0.5072691644937912,0.5542233667574689,0.13014819001318118,5
0.1296842947916145,0.3685028660254542,0.0353249899071458,0.7552380131705877,0.6966561856022655,0.43599888822024946,0.5218848853439285,0.7464090960645662,0.8491266839572713,0.7212461503840871,0.8528229714216502,0.5557833174219133,0.3065859829039363,5
0.1013158553059488,0.3601671038569901,0.0356445969586866,0.6955654882858665,0.18926247047738098,0.8619920860409518,0.8136690140679502,0.7248757436830062,0.7913553870351822,0.20395872969963366,0.6450607170648633,0.733557036401951,0.4878858575266307,5
0.1093544137022397,0.3506072087826678,0.0438366303323913,0.6479225528487296,0.5427254548115209,0.18235002844286574,0.07617196382585945,0.08808609177189197,0.4996809557074805,0.6604177448577536,0.5286235143932442,0.602915956981701,0.7358134202888396,5
0.1174430046196693,0.3568444573982318,0.0473691293231059,0.04041685153560859,0.2242669749305516,0.9946497956132244,0.5786974269181132,0.0007798362526502123,0.33682407487747934,0.7248645564720017,0.4555587517482794,0.3014988063334295,0.12660893651316327,5
0.11410750321042,0.3365588263868648,0.0533575561835554,0.837867831811346,0.05513729720508387,0.41198434916679827,0.5706140229915273,0.2739790952360943,0.6130898053215623,0.666670970740367,0.6352390211796702,0.771185831529069,0.5211332268204316,5
0.1103550641250145,0.3387350626639464,0.0578488763288925,0.8643372856204989,0.45884639709710207,0.6141205256175585,0.8943086379267414,0.33322497885018576,0.8673088552244096,0.5024024326701368,0.22328023981896022,0.9072134641582419,0.2623843329148676,5
0.0914594486416169,0.3245700961818711,0.0639718745794644,0.776808947793188,0.7541643891894445,0.5342706752578984,0.31721032771438584,0.9915651429214974,0.29017922158591725,0.6300351545260509,0.8634455238593971,0.7749997145750754,0.7331723696350819,5
0.0900918930638247,0.314232973865734,0.064930695734087,0.4504110548786395,0.42561518689540945,0.6163245248997182,0.23487286127008933,0.4615165269505762,0.8362948608832945,0.27782244616261415,0.45668030215876837,0.3733168944373439,0.6962062363824616,5
0.0919931288670969,0.3316622947634314,0.0869162965953438,0.2783692395731897,0.5546250205667895,0.14043858746596094,0.03097443824422097,0.6961905535536581,0.45936951471324783,0.4117011282474695,0.4524812694845801,0.26007905242120394,0.36219987592031255,5
0.0982138389953469,0.3195375497911201,0.0873031893419459,0.2439777928662724,0.01319535804271943,0.1521394087650102,0.7947201849605271,0.9261648736203203,0.66450316303071,0.669524437398597,0.19428708861555302,0.6545957618688566,0.6797133441394992,5
0.0916762562332182,0.3262411347517731,0.0986240075359979,0.959009905447399,0.4002427317778686,0.4526068357535322,0.5977282676146599,0.929377456048978,0.5680652687210938,0.4915380244852981,0.2700384899509122,0.32723453677480246,0.012924253625123326,5
0.0986307766715031,0.3126785193821043,0.1081449333871619,0.7442620731031655,0.8313691767630011,0.09452922685265708,0.5452862291295931,0.6696162608838436,0.4559718416057035,0.7219261134859981,0.4403165624287964,0.14666525284022558,0.5246784114719781,5
0.0717633128199995,0.3075488195861264,0.120676894092316,0.24572456384281027,0.3838585118577654,0.07580523740174583,0.7586532682005036,0.5468045131910844,0.7293267021983083,0.752823733959889,0.21996391798385656,0.11096182006422325,0.5706986955318977,5
0.0927602941912242,0.3169338385310405,0.1327546763558068,0.11975106749039766,0.755855335713265,0.9484872943907224,0.47739501576947374,0.9026953399196306,0.6295052980098386,0.3487066999756561,0.4206654019312917,0.8542972646637341,0.21423078851459756,5
0.0803355514417704,0.3174584669192655,0.143049387700175,0.6023573316650461,0.3557718172143538,0.46470282124189755,0.964250687617863,0.8712470073613664,0.1595423304216913,0.34228050698741824,0.38541326544284504,0.4721283040405086,0.9383028625394986,5
0.0818365270759327,0.3102108228893422,0.1583064190553089,0.43307035856725196,0.590309670480646,0.33446886014385924,0.8479718090894289,0.8283938417798101,0.3643895068247593,0.35474675353057233,0.20961998701675208,0.6788410695727642,0.362872096657275,5
0.0564533613515451,0.3085397843194404,0.1681469519580138,0.3385357599635206,0.350857912988661,0.948543444204104,0.5449224236062192,0.0656134651446123,0.21380320256299515,0.19297566722313844,0.18801469049033812,0.28286585263508646,0.32745399027273997,5
0.0697286569603575,0.3216554940250655,0.1947248015071996,0.13919296727088526,0.862385528509713,0.9291002067601173,0.1327917569121857,0.8414710305849991,0.5291328246928172,0.8941043926820269,0.22478455519958326,0.20329453270745115,0.24775606862228264,5
0.0814862994279614,0.3282619255804916,0.1935641232673934,0.07762118660700212,0.32729348594890817,0.4369355450332407,0.8903135193775262,0.4537367071107129,0.1781797887238449,0.5223028453833145,0.3689289405078422,0.3499832894670509,0.38897161896118015,5
0.0669601907906805,0.3115515398814729,0.2041279773920065,0.37992057582462635,0.5180877637763417,0.062804143249653,0.48892732658732585,0.2358791735259982,0.36939681508278616,0.7100948212831693,0.5735993317693471,0.5995457451546967,0.21032572145574518,5
0.0709294374676873,0.3516953269212086,0.2331785762346925,0.15668556499747055,0.05764423040444833,0.8932670664673267,0.23522175416721225,0.6749605961302543,0.6851359529960084,0.1364001725617822,0.4364275733622482,0.28153482378435446,0.1617247621880635,5
0.0639749170294023,0.348314388419314,0.2598573543264703,0.3999660368142609,0.3962544267659829,0.82659953692761,0.25239848460867176,0.45200138767880815,0.5040176473808015,0.5125159964020596,0.8914307154831294,0.7738731154211245,0.6437679253892169,5
0.059555377662147,0.3685028660254542,0.2774862064325125,0.44640793954188374,0.7683958306287259,0.9168248403705441,0.39063222460267455,0.04509271218427369,0.2910949638763119,0.7675249044835825,0.5882003214875099,0.5419872635598282,0.3140795541614338,5
0.0683777788896115,0.3823375109297581,0.2818261337639618,0.0699915796545646,0.6568831202800619,0.7117867252745468,0.024714443113510343,0.9743265839815078,0.8441232521102541,0.6578335720163921,0.20761079586541714,0.5766223007356959,0.6489345237650243,5
0.0603392204933206,0.3861264937336053,0.2907583097833401,0.547305606923994,0.18514806323844757,0.02023233230239907,0.3828657605792469,0.1669092311357523,0.2111271774189138,0.7410862546361127,0.2099441106216427,0.6624105037517269,0.7012861476538241,5
0.0598555727889794,0.3981346546196444,0.3131308033911991,0.9159020963348787,0.14518005318874694,0.6930807480121253,0.44088604747033644,0.9258275040286125,0.5984672243099793,0.5920853069724158,0.14973023347462297,0.39374390116725555,0.519480923536267,5
0.0467470522506295,0.4209462741669095,0.3252254070784552,0.4828807266438718,0.6484255841649464,0.9890848278918981,0.3678399434212335,0.527342422938761,0.7287648366122441,0.701984003892262,0.29491209464649615,0.8486316239631561,0.39633118173627085,5
0.0557195510415102,0.4462255902069367,0.3456634369533038,0.45800692182341407,0.7383088323421261,0.24689203895806622,0.09160958561529808,0.7718210975776724,0.4902786760027547,0.36066653287250056,0.7470919140305854,0.5675593351926621,0.2148168521716977,5
0.0583879521689097,0.4391139609443311,0.3865731395505316,0.6096757963176387,0.46942771134146866,0.44568660988315434,0.8597130499621682,0.3081086537995692,0.3413393094958469,0.11803025741115729,0.4063021749404686,0.506673432980115,0.3072093082431167,5
0.0573205917179499,0.4776838628193918,0.3931334948190015,0.2715713353858391,0.843673650162114,0.3092041027852993,0.8274895270916623,0.05541123761764355,0.26764826735357944,0.20424659900281614,0.42741853499853083,0.7612385914123021,0.46565143649761603,5
0.0601057353946731,0.4907801418439716,0.4131678105234828,0.3217713987361991,0.30846658657544535,0.8439529918927475,0.4430738472221307,0.9946616873437983,0.09019465701328494,0.5728515421803441,0.35823383387429514,0.7609306530634381,0.2886732733440451,5
0.0650756324944547,0.5278150199164481,0.4327815906338313,0.7637052225166666,0.6940019893696253,0.34524458811635383,0.5384248127564784,0.5611947741341424,0.21652008279344426,0.6779289879127725,0.16589050775199662,0.35025081135153746,0.7792343256401877,5
0.0496155834625839,0.5148936170212766,0.4480554434127305,0.4551051703221982,0.10928838461693802,0.3191584884895995,0.50783499810869,0.291066289887846,0.46052647333322666,0.7176314004057787,0.9304650646351749,0.4451493895755535,0.7582037667532676,5
0.0605560280849218,0.5586320800544059,0.4779975777149778,0.5618144855406058,0.2799747046531942,0.8300379519579738,0.19261595541655863,0.7073915145435968,0.6773041279045037,0.6319476072205282,0.500280886208503,0.5374645076994006,0.811519836998435,5
0.0552692583512616,0.5716312056737588,0.5185540304131343,0.746303508850882,0.955763272349844,0.7866445206071353,0.5195548863450133,0.20564773155373728,0.8549377603047139,0.8388738280373949,0.7283583854552,0.3705377585572337,0.9070255372984938,5
0.0608061906906154,0.5812105314291266,0.513726281792491,0.04592959154082821,0.5706557690159179,0.8386240342105797,0.6426713750638394,0.5765590831960741,0.8159802324658629,0.33802014895124705,0.3900996943907819,0.3617812829348752,0.7011367149775338,5
0.0633578492686913,0.6386087632371514,0.5500437357017899,0.9148496194981857,0.7233336641229254,0.6559307192473035,0.8801406697754652,0.616097077290974,0.7478063623868583,0.5721171207276291,0.3696745542872484,0.6587304168870073,0.2986612201087492,5
0.0689281366221377,0.6710774312639658,0.5722816579195265,0.9363043740307511,0.01007700104699727,0.7582357624895819,0.2692572321616211,0.9785193987653961,0.3310168481538258,0.8507045219672575,0.3681167895787396,0.8305260085667765,0.3231101903002981,5
0.0686112639882589,0.6732925289031381,0.5772271565065268,0.8916491617224922,0.8144663790003004,0.8314442413797289,0.09290843091872603,0.00452104515494034,0.5249443325281274,0.17494533988971106,0.1862801132274418,0.18987461961301022,0.5975953795565683,5
0.0600723803805807,0.7165840862722238,0.6077412192167946,0.3963478119042846,0.024393633291143746,0.9713681940827128,0.0838983736915685,0.3320745121077081,0.6029801591944547,0.26535665337404957,0.2084703505176419,0.5490187354100479,0.45203097352931365,5
0.0615066459865579,0.7305547459438453,0.6470528865563182,0.2760718648799898,0.5350647387605676,0.8169918919883534,0.06758392056674278,0.4172556429867941,0.4917903020762824,0.728766701576042,0.9057663279228111,0.4907318624976431,0.7643552228034651,5
0.0576207868447823,0.7793257553677256,0.6611997039429418,0.12340933672078025,0.6048547516203997,0.5362928597164055,0.1315671562916091,0.6937142431231578,0.9445457645809217,0.24095615598935902,0.14415448224012065,0.9450889720313466,0.12048552233928393,5
0.074698554060139,0.8040998737005732,0.6937491589288118,0.1704566376978356,0.15768985872869967,0.7764330722472288,0.13127681595489227,0.6085363208511892,0.6268427945105157,0.7935099554072683,0.7232115347769358,0.11420142993313052,0.2995637835498541,5
0.0710128250029185,0.8417176722044107,0.7083165119095681,0.7236920433794192,0.10766749451407065,0.8652870828129031,0.3082648969641295,0.5763218745921372,0.26753181425110334,0.46567304159335005,0.563138515222526,0.6960894248354719,0.1669720176679803,5
0.0582878871266322,0.8703779267463324,0.7386960032297134,0.3805826054980579,0.9858062731577434,0.8961076511386173,0.36532017539816186,0.32215121196154217,0.8597419081465575,0.1995418528175274,0.7160850005837883,0.2568459207162085,0.539569915737239,5
0.4617668150964793,0.4073836587972408,0.793702058942269,0.9130254750047251,0.8785042209142275,0.821125386556558,0.9135815472366853,0.9902869542172258,0.3060210354061787,0.6728618341805178,0.47291842035273624,0.6861480165392447,0.8305229016111815,6
0.4642184086322776,0.4114252404546779,0.7741555645269818,0.24271115003597765,0.9415481385745892,0.5714706376167686,0.5200007596275286,0.35948433721450246,0.33100669454668563,0.6136257254241684,0.15916955082801557,0.24571492556695387,0.7644541186646716,6
0.478377612114541,0.4029728941999417,0.7442470730722649,0.8039337508733719,0.6920256725748865,0.01222654918073951,0.9067146907571184,0.4987765975335523,0.2553112390377646,0.46015739235531966,0.9073596956789888,0.7703413855552175,0.3224169663515627,6
0.4818798885942529,0.4024871271738074,0.6971134436818733,0.2402967040973759,0.6060575041307498,0.4281884625333813,0.3484219478528291,0.383314673671201,0.3953128814136398,0.5183221849698019,0.5216742114475521,0.6088460797480981,0.6507330735322299,6
0.5202381548006203,0.4320606237248615,0.6854225541649847,0.9536462613350395,0.19416546602512197,0.5232599331797919,0.4574654691168868,0.058688570905361837,0.7322710651641895,0.5499450015464066,0.7760687609599319,0.14540463024864272,0.3165048555906694,6
0.5159020029685962,0.4101428155056834,0.6617211680796664,0.5423316469456624,0.5633617387314964,0.689758773629181,0.5836111877769936,0.2503743713190022,0.3842416492426189,0.7937064232809115,0.4431536541945526,0.5650980653020067,0.9510825316660988,6
0.529477493704241,0.4473720003886136,0.6426793163773383,0.10464966193533443,0.7909353637666692,0.852787247641039,0.2915611248217975,0.38042840681093837,0.4666850281677675,0.4146483841619694,0.801690822752788,0.7088764036476803,0.18142322988850013,6
0.5328797051416754,0.4535898183231322,0.6329733548647558,0.7773182874990493,0.4814310256620643,0.7643732033862142,0.9067710254103898,0.42715951073126723,0.7256025894834613,0.08453137181939173,0.1933029311846481,0.21952858819362814,0.7858758888105097,6
0.5483731091876386,0.4577285533857961,0.5737114789395775,0.9567348230416747,0.2722098438066335,0.1731995692737177,0.24225271808541737,0.12233358924468796,0.35142680008655236,0.05156866129195308,0.35797542471468524,0.435206812951884,0.2119058325385454,6
0.5516585780757491,0.4674438939084815,0.5610113039967703,0.5971440562414256,0.7966729002359622,0.9883778668715818,0.444323899919414,0.8236753035037269,0.5816229603463708,0.5862144883325832,0.3941960314007821,0.07870854747186411,0.7443206483576162,6
0.564283450909758,0.4858836102205382,0.5507502354999328,0.6792923685642726,0.4424682263585866,0.30895631098583454,0.401903710372419,0.8147367170392739,0.6002783650519792,0.8173466964595151,0.2746021711925769,0.2132814965882343,0.4440197525541086,6
0.5700038358266206,0.4806761877003789,0.5303290270488495,0.29229782983048247,0.23276549193183138,0.20282712573340456,0.3513577369447989,0.16180875162667163,0.5763981705684631,0.06667466656455841,0.5961116152519973,0.5529794607870736,0.26493256919433317,6
0.5922849852404062,0.5113766637520645,0.4925144664244382,0.2663259924066649,0.015350983958863473,0.7906834889577777,0.31952057701574754,0.33082291218307924,0.21375844415720777,0.4925448640792198,0.2929150763942942,0.39148472375532184,0.5011811699032181,6
0.6040593052150565,0.4891479646361605,0.4973253936213162,0.2762759058122646,0.10242163397331383,0.3218800371361312,0.4650543383868839,0.9604528121045227,0.654462753433268,0.4004371808791528,0.34585376130712864,0.2718176050832368,0.20382419580269637,6
0.6038925301445939,0.5442339453997862,0.4678037949132015,0.32353336563436863,0.41466947669790843,0.39901118247624623,0.4648308162337812,0.6166555629587759,0.2656117147414956,0.21052091547948787,0.6479594699294401,0.5561766371204748,0.5915881620333061,6
0.617484698387285,0.5171864373846303,0.4565334409904455,0.6667439800624313,0.3098469768214295,0.3952618307579674,0.6534733102725585,0.7639558825076743,0.36722207939258966,0.44675160440597017,0.8772318478028657,0.2791825421140608,0.3636035703513279,6
0.6097463351178265,0.5569999028465947,0.4374747678643521,0.28925037611740345,0.02634514640421881,0.9826131131980167,0.5946352142565731,0.5213666639317508,0.851922765279966,0.6341980111539531,0.6990507258792849,0.15035800426929832,0.7480181708437066,6
0.6308100265172362,0.5433012727096085,0.4305948055443414,0.3752408500288723,0.7565387010204889,0.3834830360083721,0.9765556028156136,0.3611523039912562,0.43311893151200437,0.5322342119074122,0.8566671334795892,0.270069286892295,0.7572717938225703,6
0.6387151648571571,0.5517924803264355,0.4053458484726148,0.9414735593909115,0.03496449344987573,0.3827724285007511,0.4512198309423492,0.4997313632842041,0.2684935162255062,0.13042646954441672,0.6298966312685199,0.46112918957969157,0.6600769951598975,6
0.6483380864228414,0.565238511609832,0.3883225676221236,0.16057983161308342,0.7211370523857397,0.15091926956079005,0.1423012956491866,0.9010413760472622,0.6817887433474787,0.25950997995852665,0.7062125135182281,0.15945379392332248,0.1979679761295933,6
0.6537249211987791,0.5741183328475663,0.3788521060422555,0.4380822198007548,0.8752348556438238,0.3565443154454593,0.893464603363766,0.08567894665735576,0.8052230525909709,0.28168972744253373,0.5803629481415974,0.24040928151951568,0.154851667855815,6
0.6607127966511566,0.5900320606237248,0.3647557529269278,0.9186407628224363,0.9691512640838318,0.6573857549198153,0.19802943496270142,0.962227991466964,0.1450460984021001,0.890454576596423,0.5218324007053692,0.7509725761275274,0.25896168092417204,6
0.6734710895415352,0.6032643544156222,0.353115327681335,0.2692574011632093,0.573584798010323,0.47088518062787466,0.9554311348483709,0.6304073122831717,0.6648231085614821,0.5622647387945082,0.24371170126605526,0.15112348993024605,0.7973034510584054,6
0.6805757075432364,0.6186728844846012,0.3440990445431302,0.8073753556255198,0.4102688614344625,0.2646417532233969,0.3344349725814014,0.5762815875349542,0.09746320636696658,0.5374894397424282,0.5513378218386976,0.7508496815578585,0.24958927882631363,6
0.6915828621937592,0.606820169046925,0.3246703000942,0.7636808975014239,0.7529631354031745,0.8719291918321772,0.5757318447884688,0.5534847745417742,0.5081627205583847,0.2630276999810476,0.6717152274532329,0.6592582136126122,0.7896837075722162,6
0.6886142659395273,0.6383367337025163,0.3181772305207914,0.4267339699129026,0.29460006436845265,0.7461134760921871,0.07976762471197862,0.6466175928635702,0.31948650379487814,0.3236689811466251,0.46066487270480866,0.35353622466384416,0.8283807681169881,6
0.7033405046613632,0.6457981152239386,0.3121551608128112,0.17248846203571067,0.04986000390633405,0.5091393707805113,0.7314001995378636,0.5092736820182177,0.313352471188234,0.8133918751266687,0.832742714091805,0.27375073946551365,0.6479078937474284,6
0.7088107269725321,0.6559603614106675,0.3037108060826269,0.903175250856801,0.8259954960507409,0.7160503913541663,0.7172519484779623,0.8273343734622332,0.520383949784449,0.21963849563481067,0.5482170854712396,0.17660508977576497,0.21605286338411372,6
0.7139807541568686,0.6707859710482852,0.3084376261606783,0.35829792390341375,0.7859862288533633,0.026877905375214506,0.9951780920704971,0.17414316263781637,0.2633718067685941,0.8932827975205295,0.2620644779894005,0.37829869731449334,0.40016435239824005,6
0.7334934374009772,0.6689206256679296,0.2920367379895035,0.40578180013206844,0.3639737526050524,0.2941835899727093,0.09099300770306673,0.9391049430470508,0.632013080684693,0.4306920434370243,0.16493664050376192,0.5579838446845992,0.3351693307988429,6
0.7391471122896549,0.6995628096764791,0.2996232001076572,0.9393631371849481,0.9273595261463738,0.6111543352976162,0.16877872291438534,0.6336555500811973,0.44735105396615865,0.259523007462811,0.852816849553181,0.8715460409547725,0.30026924634385477,6
0.7384299794866662,0.7086369377246673,0.2975878078320549,0.9025609923945431,0.33198435637894896,0.0826646269845851,0.6920645561942592,0.7840475035759553,0.4189067898924196,0.875695897432505,0.3022389266070701,0.38592523190145667,0.4915796168493942,6
0.7438001367555578,0.7256387836393665,0.2819607051540843,0.42165437911813697,0.569298100088587,0.6922268398598455,0.523158572288785,0.8838626569916171,0.5673010841542965,0.3543782554802415,0.2696867747108636,0.13428897299837522,0.6283365785362934,6
0.7596938009706309,0.7578159914505003,0.2656607455255013,0.26117642947550823,0.18602199764175809,0.7271245414516839,0.8937196920417294,0.9603375043273163,0.5896040880314936,0.1790809445239988,0.6852074055156289,0.5334635522906227,0.14738275444509777,6
0.7561748469838727,0.7520450791800253,0.2813214910510027,0.13882089954210497,0.372212278303396,0.23037415445599418,0.547843656291918,0.27739699742496715,0.09176005511993923,0.6968312772385351,0.35226148715877953,0.645896095895746,0.1896582967945498,6
0.7689998499024365,0.7678810842320023,0.2796561700982372,0.6977288860223023,0.4767686806283987,0.7568912339453787,0.6353840724606117,0.9306516585728019,0.3991898630482193,0.29780919922609955,0.37005449901886406,0.34076137257335665,0.2532894922873296,6
0.7950834709227664,0.7681142524045468,0.2726584578118692,0.34387453343627983,0.7191557340061916,0.5711235276140665,0.4914902928175249,0.2747971118794639,0.7611041194928555,0.44343377357756225,0.3756348850694988,0.6841026366031795,0.2836573507311103,6
0.786544587315088,0.7933741377635286,0.2939375588749833,0.38454161794927877,0.8081842425740481,0.6751953426748923,0.6670992659429317,0.6567526900282668,0.46835360485818206,0.6159845464918596,0.6778720112982758,0.8529731381971801,0.7885487380935949,6
0.7887126632311001,0.8151753618964344,0.2901695599515543,0.4015404131757584,0.7863001046828806,0.736439823479648,0.8709527949770002,0.7832294616248796,0.190167514253889,0.6589653816215706,0.6395824968900053,0.6114095770050453,0.24672824255834,6
0.7965677690498824,0.8251238705916641,0.2834746332929619,0.5843711991412059,0.7462428211762016,0.07587559210921624,0.9499060285956574,0.38356372965738805,0.40143740511226755,0.6326326924697333,0.559296253433986,0.2791591477334687,0.7907350072839547,6
0.8172145227731358,0.8231613718060817,0.2935506661283812,0.16885057622213284,0.05100903803444856,0.6737107457259168,0.20347254221023237,0.7393271443566628,0.19032356972294753,0.5854343362533501,0.3471565559623695,0.9441304939390092,0.344846575944932,6
0.8292056503393872,0.8481297969493831,0.2884705961512583,0.3280017292111619,0.3977727285260375,0.3619741457615333,0.7686114802704999,0.998423844293095,0.32029603354629177,0.28222094939948783,0.8322973295064128,0.5408891163060063,0.6054390087043633,6
0.8351761978619435,0.851588458175459,0.2953505584712691,0.9154799961446766,0.0743760749108161,0.11875100998613175,0.5812752497336681,0.8274669099348906,0.4241939395389771,0.6917078812662426,0.7196250426594197,0.5086286171311482,0.45186591854362973,6
0.8213005119994663,0.8614009521033712,0.3172688736374648,0.8224516078344496,0.6543686654411179,0.8524726463372465,0.5942142345297009,0.5073601643476323,0.2723813753212945,0.36682464537881104,0.4944177816674462,0.797881120767669,0.3340370132191513,6
0.8494354663864845,0.8809093558729233,0.32165926524021,0.019787931248932522,0.8257205325866116,0.18546710549756484,0.3348738806258674,0.5798680836831315,0.39552970895885486,0.7979274088903141,0.41153605837452145,0.47186585741297,0.0723303304644006,6
0.8421473958072747,0.917011561255222,0.3257805140627103,0.29183551977792244,0.9508374851304063,0.9878146890955992,0.10538684174507318,0.8224537086839006,0.6757783751445468,0.3506772708813506,0.6096391808141035,0.18361865596161608,0.4533400003211896,6
0.8408131952435749,0.9248421257165064,0.349885614318396,0.3619211919491694,0.3576855711822725,0.3650635286950823,0.8823056433895774,0.2621048712596584,0.6000540110739954,0.4525866415298963,0.7336276129100622,0.7576803732831894,0.192590308952269,6
0.8671469788695985,0.9367142718352278,0.3428710806082627,0.9011253175864291,0.7122386659684777,0.21605244959645553,0.014299597098525796,0.6471867985813945,0.9099247887261285,0.8138867647918008,0.48742032712432126,0.3384390268864568,0.5733891784989732,6
0.8638615099814879,0.9663071990673272,0.3484221504508142,0.5900766231143868,0.17286334371819945,0.10454651954453731,0.9538022248873936,0.4480220896873507,0.6244747738403722,0.6749744013856084,0.6918750094707794,0.4862063215761475,0.9199895201464081,6
0.8720334884341487,0.9821626348003496,0.3634773247207644,0.7691852034942126,0.01957800608170479,0.269280982747344,0.4318747336731569,0.3590205947290601,0.47381444642791914,0.478037331625642,0.8808342255214692,0.7522450810943015,0.6427657936571435,6
0.1552175580794182,0.0603905566890119,0.4380466962723726,0.6151257059009715,0.9404998016148219,0.5165671806081817,0.9235061695090645,0.5484757847751295,0.6854014620793464,0.2615926348352699,0.29530836086879775,0.2782740020798726,0.11534399295752717,7
0.1391070862727438,0.0791994559409307,0.4403512313282197,0.7844447214239488,0.2125937266109943,0.41602393818988037,0.5547131974518852,0.07354227208997766,0.606492395142681,0.9420617143748162,0.3280753207498923,0.48460190715666907,0.7026595460041368,7
0.1467287069928786,0.110249684251433,0.4671141165388239,0.7877830335658504,0.20534508702761223,0.9623967195311293,0.1521528621214422,0.5601893002068561,0.8012866541883786,0.3093743513491547,0.13913998958109314,0.6913581979728487,0.5934466601673825,7
0.1486132652891045,0.1390459535606723,0.4635311532768134,0.9401726953152623,0.5812897777974811,0.4657276253981193,0.8125862313849346,0.4680169610127817,0.7734547819720323,0.8010228979510511,0.6064423249924882,0.8281430547328325,0.41728819044008153,7
0.1406580944280448,0.1536772563878364,0.4770219351365901,0.54953354622363,0.8178523252578921,0.14015243952911594,0.22246366170056775,0.019066926714663035,0.6809181332659935,0.2896392382200441,0.9377554986254755,0.3563238579994637,0.6117358324545539,7
0.1398909291039174,0.1774215486252792,0.4840532902704886,0.6359192110272284,0.8275105348423779,0.6128158897519478,0.5218578976467234,0.7172575853778848,0.7191603271642829,0.05624264201939658,0.6197564629638721,0.7060592678276625,0.19693951719569017,7
0.1444939210486815,0.2221121150296318,0.4896380029605707,0.0005691327049561767,0.06991348259268415,0.25542732778139343,0.2439105200221553,0.11681274593632729,0.266311073860899,0.6682892599117716,0.19615571504252502,0.4714275104431934,0.3517149654840785,7
0.1370390753990093,0.2339453997862625,0.5071322836764904,0.9984784957600082,0.6639322358069056,0.7084975947297714,0.7693520740376758,0.01890600198751058,0.2764544549438401,0.8003904607727713,0.7293255224289644,0.5857786432614078,0.24492201829288926,7
0.1313020129751004,0.2476440299232488,0.5157953169156239,0.10866941401306918,0.04850865788427994,0.9334448623992513,0.8408228778204907,0.7617475562916883,0.47886227620595195,0.858192154735054,0.4302957217233603,0.088152633399998,0.4143272939656847,7
0.1402578342589349,0.2608568930341008,0.5106143183959091,0.5234939375392281,0.9597747526209164,0.681324903237419,0.05149036699575227,0.5042720536641907,0.6467032348208126,0.3101329923908234,0.7231364375078954,0.7081451548205017,0.49906060028969346,7
0.1352212271309684,0.2929758088020985,0.5186886018032567,0.39134011018456083,0.22174659582987155,0.9822343654435338,0.4616088011921987,0.7699278478231001,0.5048338159803285,0.34682533337787225,0.7091399736754241,0.6681524835951139,0.5653925827170633,7
0.1314854655526092,0.2950354609929078,0.5279572062979412,0.09175823732170851,0.2602675634997029,0.03681339340642198,0.702346042177967,0.7829292391383924,0.4866887198458394,0.4453286126463125,0.44572856864205196,0.6393613872005527,0.812159864252661,7
0.1354380347225696,0.3154182454095016,0.5474027721706366,0.36563164324718367,0.8888744454991004,0.4867689079880617,0.6114363890809611,0.1949681234570142,0.5856533995711448,0.5143315950756213,0.2769735896013361,0.2432702886110357,0.4734438043041148,7
0.1341371891729624,0.3235597007675119,0.5250807428340736,0.07793096329958704,0.8764544532064936,0.9444849108572446,0.1465977186705868,0.15389846492848247,0.6452382687000965,0.466546591581962,0.6521221372200974,0.20791691171243343,0.8440146486275161,7
0.1435099481329531,0.3330613037986981,0.559127304535056,0.40806387805771027,0.7596781258997154,0.4920399271625494,0.9464597399490879,0.6533725388442702,0.5500050887936339,0.9199153541119575,0.6240939806354109,0.4599762983514491,0.5003462811979414,7
0.135871649905772,0.3485281259108131,0.527233885076033,0.46614801434998776,0.02510730301418973,0.7562094740607387,0.5354242207731014,0.9265220145253441,0.7800583182350935,0.3852016209441243,0.5148084886902013,0.92107861537687,0.4145461654729271,7
0.1306515902002968,0.3672010103954143,0.5457038083703406,0.18363139405724416,0.22758956747014503,0.6059876103159427,0.46389487372978155,0.7626098191398218,0.3779573773058232,0.7398515939424164,0.37859932348208475,0.6357819251360295,0.7947387660086714,7
0.1468454495422024,0.3599145050034004,0.5612131610819541,0.19769770844692658,0.3607056181565168,0.7285562845063812,0.8622453463621208,0.5343940785777151,0.2565238758277572,0.47273478976882954,0.21831553046750155,0.23874865542963522,0.3009690401358355,7
0.1373559480328879,0.3674341785679588,0.5483111290539632,0.688576294166873,0.13001476395072198,0.494475190505269,0.025293018030016712,0.21565892432304157,0.5476044819918231,0.2966823520173275,0.325335794101384,0.6310985027006789,0.5268611358711088,7
0.1380397258217841,0.3860487710094239,0.5516249495357288,0.8084112970208548,0.4177938003022713,0.16820986638720548,0.4209063517038273,0.401697539384928,0.8085274374325124,0.41676438103194685,0.390164931986292,0.7373012373584955,0.8600088180434226,7
0.1417421323860508,0.3707762557077625,0.5498755214641368,0.8282336536722057,0.19757064717336492,0.4673396068107246,0.9158322442498945,0.5019555674271843,0.5255396688506682,0.5314456052376109,0.5171950371130365,0.4415823471770848,0.4106823932383464,7
0.142559330231317,0.3875449334499174,0.543702058942269,0.5089589417709901,0.46058235227159805,0.17444853614285516,0.10288070829983043,0.7249881587644778,0.3076385870129359,0.2610263915105834,0.7809584829179682,0.273884653701292,0.2904938581372476,7
0.1471789996831273,0.4115806859030408,0.5431301305342485,0.2017743647204857,0.9321709437080897,0.9102690584168914,0.5368003458224104,0.2683025056848978,0.47566838468910805,0.6608741276954069,0.6970735555703017,0.33542460424590986,0.4657753878343555,7
0.1559513683894531,0.4113669484115418,0.5506997712286369,0.8071517729182003,0.9404671710236212,0.9259156970900125,0.5236058108355787,0.616583210075287,0.7050536473954119,0.6727489169234545,0.8582429030082225,0.6052962426701642,0.38311960480756513,7
0.1715114824636013,0.4057514815894297,0.5476719149508815,0.35263856129953486,0.11319159550510072,0.15856364908193765,0.05096891446300633,0.6030598075399396,0.9125816909728375,0.22499187834696316,0.4608365809320426,0.382072537800592,0.4659759387789672,7
0.1575357315588465,0.4123579131448557,0.5472177365092182,0.13911976466341947,0.8347981880487221,0.5089694653856958,0.2256050106654558,0.39243379135842427,0.4167943610926716,0.34871996140628536,0.5044272971458652,0.8741681576881422,0.4583343148865955,7
0.1565851136572105,0.4027980180705334,0.5392780244919931,0.4161548500594009,0.6136113155619894,0.6934357607639874,0.1390772151823665,0.4923295479966906,0.46326374519099967,0.6986564493451023,0.6976041630753698,0.09733789706518046,0.3677450239338199,7
0.1763979920281516,0.4007966579228602,0.5177634234961648,0.6756850806623723,0.9173741191197212,0.8131935898016165,0.0034893286055305284,0.6042118387323253,0.5947572271393844,0.46929921795358653,0.8836006875320053,0.18037708892087875,0.65734302238137,7
0.1733960407598271,0.3737491499077042,0.5184026375992465,0.11979695439642579,0.5583896310833636,0.9688406418023171,0.2252549743464195,0.3797502852167478,0.5370061715337365,0.1530637634616497,0.13466159136981323,0.7635693109138847,0.19197358493954142,7
0.1829522522973265,0.3986204216457787,0.5141299959628584,0.2918050700246473,0.4222570659078536,0.1181689564352052,0.31292831869857773,0.2339789155010148,0.3118574156076238,0.5865629431673725,0.5442748541141315,0.5958602610130485,0.9434710219465762,7
0.1839362252130551,0.3676479160594579,0.5097396043601131,0.07948914324518652,0.06096114741805869,0.2695778081724016,0.7150464716327347,0.009549543696977136,0.16927743640845339,0.47623150928926905,0.9077084421184484,0.49725528190416746,0.2822258383606014,7
0.1938426643985256,0.3626153696687069,0.5181671376665322,0.8321828841351272,0.44113487344442914,0.785972618978935,0.20195719438946025,0.7218963593345744,0.5910606780232371,0.3067483246130079,0.5915971654710448,0.15568306791054265,0.6463368258253802,7
0.2040826537249211,0.3645001457301078,0.5151056385412462,0.0101444875044846,0.18559287107035327,0.9331261877701547,0.5052112247167472,0.541106457289387,0.4151012738357673,0.5972191746785711,0.15479705358825802,0.03258641792983522,0.31587608034116327,7
0.2132886376144493,0.3631788594190226,0.5030951419728167,0.2745957731394165,0.06683292415824194,0.05749960347850169,0.00857839069753763,0.7306801183434664,0.7449730029192564,0.8661576698487097,0.5266162962623596,0.6763865907372942,0.4195288194954085,7
0.2214606160671102,0.3359759059555037,0.4843897187457947,0.49819733771229047,0.3793242970442404,0.27572463134596514,0.9938049506423733,0.06675269515829174,0.8841990450646396,0.6117321015112391,0.34598485690656744,0.39700144605888005,0.4672210461252923,7
0.2297159820550023,0.3197124259205285,0.4733212219082224,0.20811446094895925,0.3916314832851776,0.6747277790398603,0.7114092775477879,0.971633459284559,0.07543356591743013,0.2744987461056692,0.7074909043318605,0.10838855960610817,0.8717033684045847,7
0.2270142259135104,0.3201010395414359,0.468325259049926,0.571706437011993,0.35352851844944366,0.690053753142899,0.3824711548946793,0.44451554259440695,0.64999098087564,0.3048853352037409,0.26589833270680724,0.9460032675063281,0.6872354973781999,7
0.2506295758909957,0.3077819877586709,0.4574754407213027,0.7861234257891255,0.85078893761782,0.6060082219927297,0.1256259890147553,0.6409744889904255,0.062369755232719974,0.4017558781553006,0.8664115862951259,0.740951186695992,0.5672800188133013,7
0.2689915111489134,0.2850286602545419,0.4591239402503029,0.8005236842217955,0.8072913435556623,0.43833022816910383,0.5208852484917498,0.37152805978866577,0.7112991476922873,0.3522388825526213,0.41404426480790313,0.33523995226158254,0.783289448511023,7
0.2794316305598638,0.2476440299232488,0.4463060153411385,0.0004558966732133296,0.479470019283613,0.41207249973473237,0.2557128037097638,0.7019305806018794,0.41766438306159426,0.30406304921700084,0.36452512814180993,0.3586083405463695,0.2754083047564631,7
0.2932572839012024,0.2556689011949868,0.4315872695464945,0.21387225804995835,0.6498536466943018,0.050381942424775894,0.5295744985428752,0.3039231267912691,0.4683769159426746,0.4281801283625682,0.40974485869800914,0.7830897304974834,0.6482989569686275,7
0.2944080318873934,0.2197804333041873,0.4080204548512987,0.9557921798313278,0.34229425019513604,0.45998333306438755,0.1245650159611732,0.8707470730723655,0.6941443972153635,0.6667169508509663,0.5323888104067793,0.21825552104391577,0.14748800346680876,7
0.2972598855923016,0.2108228893422714,0.3976248149643386,0.38957229301552654,0.6021573916989067,0.7812063945073302,0.3982115102210356,0.011322953788517442,0.5557042630792173,0.19777599905783125,0.3509832052506896,0.5820618176137717,0.8948101520906943,7
0.3188572572171911,0.176566598659283,0.3996265643924103,0.8427668777828544,0.2065207757908052,0.9878280821224822,0.17065228844780944,0.10324460802249191,0.4626527413415148,0.4125570989394433,0.8887660433063194,0.7995913196408413,0.6100148272299375,7
0.3439068728006537,0.1593510152530846,0.3770690351231329,0.6365180042088381,0.07422403642888908,0.49895016337307285,0.8691979226814416,0.9846960426432776,0.6283007333302518,0.5768177738602949,0.5893536801457393,0.6948192026958614,0.8539285936199292,7
0.3445906505895498,0.1206062372486155,0.3597261472211008,0.2000637570914604,0.8783646456473452,0.9571475831709235,0.456267777502639,0.44031060934807065,0.34320269293088274,0.14144282727688026,0.38812097757855823,0.4435588964222678,0.40350785040684595,7
0.3531295341972281,0.103487807247644,0.3623671107522541,0.17723417577455824,0.2776915048754929,0.6072468276512649,0.4047178678116101,0.9545770157240632,0.5146745923604238,0.40852851394587847,0.591332857126153,0.45517677211013896,0.795956007884481,7
0.3617351278330915,0.0939862042164578,0.3444691158659669,0.38920945654387684,0.16344145418960165,0.28344694761377776,0.9702758539933701,0.10512160595234532,0.45698916896248354,0.60319559148257,0.7150286659720483,0.19629630937815434,0.5354562641130689,7
0.3776788245693033,0.0422617312736811,0.3071760193782802,0.24246973172145192,0.6610741407383014,0.8178656039529337,0.2359444734923527,0.15626899211483525,0.21525690902581573,0.6091622116200722,0.7867604864707265,0.6814597370780071,0.6052276571192949,7
0.4064808792381714,0.0,0.297150450814157,0.4415662206268752,0.3265452905830376,0.4076564142004654,0.3075078688383157,0.5758941208510606,0.9182506492298191,0.7440418966817397,0.42976824299490596,0.2727994697215194,0.9611135688443525,7
0.8223345174363336,0.077275818517439,1.0,0.4499851137790746,0.13962651590358233,0.3628675575466598,0.5732726456493016,0.4428793528216165,0.4946851376453948,0.2591698999240244,0.1879352437814836,0.6003247772643217,0.49337615886601455,8
0.8056236553759943,0.122413290585835,0.994078858834612,0.4883922088223892,0.6608767656799647,0.9362600018167502,0.7353900256003386,0.2912791583151676,0.35438393565793835,0.8071884294405824,0.5267904761338216,0.6012786833516289,0.08691401086701073,8
0.7907473190907423,0.1547459438453318,0.980133898533172,0.6065762321775733,0.6213993195557097,0.147483045392808,0.7357000037533256,0.8899422624041212,0.5150157659128516,0.41314729102812114,0.41982585880379075,0.4215862748336436,0.14389286786362596,8
0.7836093460749487,0.1844554551637034,0.9341441259588212,0.8784735689570571,0.7428665834161333,0.6932088207533135,0.5982347876357227,0.1642139425824013,0.7877867018968414,0.6229793134578615,0.8053700566271595,0.7528856693664311,0.5020988767169223,8
0.7714347659311886,0.2317303021470902,0.908811061768268,0.659425584552571,0.03922720549317893,0.1380181300607296,0.07376995014190624,0.3041892259257547,0.5547463471473348,0.36842301879575506,0.265225206450888,0.7450923088495849,0.6531933456109676,8
0.7689831723953903,0.2449431652579423,0.9042188130803392,0.19698744410030222,0.8277440365695281,0.5576773385862576,0.23713884909322747,0.4042488903213345,0.625901104636408,0.29902506959817166,0.7114207243246619,0.6380851980883068,0.2428413129224286,8
0.7582762128716999,0.2862722238414456,0.8902738527788994,0.8368292500912309,0.8773963690266684,0.7614997011457104,0.4466403398767589,0.33073617443821246,0.5425246724071818,0.24419356104222928,0.2911359109689795,0.4962044167128909,0.7236908693556626,8
0.7648304731408748,0.3113378023899738,0.8527116135109676,0.9087714347460505,0.9519265148701876,0.7493764343647696,0.4575620824823694,0.7207505281710169,0.5302068515045704,0.6681752763125716,0.269471567145766,0.16107402429290602,0.352897789214607,8
0.7595270259001683,0.3643058389196541,0.8465381509890999,0.3419351374367662,0.17720745264283466,0.18311327408792544,0.4525919623551087,0.9872918005863168,0.8062730379584472,0.5097578157988517,0.8099729953165008,0.9553795812277474,0.6162363997088897,8
0.7398475675855972,0.372427863596619,0.8192033373704752,0.5671244978522947,0.7985892509759759,0.8390303156337898,0.9830956391994539,0.9365091574426614,0.8524214417777028,0.4420134117070436,0.6174932580289565,0.47173749966898626,0.298401025783073,8
0.7295408682310167,0.4069367531331973,0.7914648095814831,0.15159332207563803,0.30724108163033514,0.13482902283230247,0.6195387090957183,0.9261088259901649,0.20577124101411073,0.3086690283061038,0.4193941442572548,0.7192303842000116,0.16141255037454483,8
0.7311919414285952,0.4452734868357136,0.7791347059615127,0.4286233824594886,0.9940698481118199,0.273700047177584,0.6707996051054688,0.38656911526027504,0.5608368406511973,0.36000894559709906,0.6676482816440598,0.7177634156301709,0.3734268570487447,8
0.7169993829322392,0.4474691537938404,0.7620441394159603,0.5299897705992758,0.8979105891634698,0.7634612797534229,0.06985348983796202,0.7796847225713628,0.27463659751957853,0.6210005167383391,0.6704539001669583,0.46856833640464957,0.824302935462123,8
0.7071596537749536,0.4755659185854464,0.7272237922217737,0.9080675112936596,0.7387285400257388,0.7310790052303237,0.9293196593762382,0.6051212046875739,0.44674235811916424,0.1722775493351267,0.33162814192707746,0.7217049179613237,0.622435788696447,8
0.6980203799136104,0.5043427572136403,0.7372661822096623,0.8596017331229165,0.10505755386798221,0.09580226902672062,0.19249142671333885,0.181660969892681,0.6317890216073357,0.46084998297037244,0.2608479941302273,0.1982170436828542,0.9609416110767729,8
0.6950684611664247,0.5243563586903721,0.7159029740277219,0.865316575196182,0.8156443194857691,0.06662618603480008,0.938204505855301,0.7127760410032168,0.7596121349575033,0.36258654067422885,0.45064899382792334,0.7208849905252686,0.12113001539262887,8
0.6867964176714865,0.5385796172155835,0.7007636926389451,0.32545491889273304,0.8458765267255479,0.560433088399012,0.2228631544216747,0.3400982648028129,0.6669519952391958,0.49138649118537997,0.21075710025647137,0.8240492714243123,0.12887102077675028,8
0.6820099731492135,0.5593510152530846,0.703656977526578,0.5049498971660463,0.33986239313109434,0.7712632382492571,0.6338654321903249,0.27472653642903144,0.6780375718887361,0.4637337769149906,0.24135734037733514,0.010464667162511394,0.08544209070583834,8
0.672837344273778,0.563936655979792,0.6915455524155566,0.9951605052261209,0.27411416983142123,0.36680409318314733,0.5017110764614914,0.8416930321732807,0.4497316473577128,0.322109563849546,0.33422431305751,0.6790573606909203,0.3874425978938708,8
0.6585613982421907,0.6126493733605363,0.6814863410039027,0.7787196569530139,0.7012516340230046,0.5357101021104864,0.3578218400946416,0.23481690044087433,0.446528393634906,0.4317298348619423,0.34818887326013176,0.26797921000920927,0.4014158869087835,8
0.6488884441553676,0.613679199455941,0.6694422015879425,0.30050720462792124,0.5478856501142781,0.03994920351524578,0.7651318939347241,0.8079371876216107,0.2644814434572011,0.348712802813049,0.6946045780829798,0.5852884414718269,0.7829479630811456,8
0.6485715715214889,0.6131934324298066,0.6593661687525233,0.2630566568930186,0.45665050349081016,0.9636111228804016,0.17491162928796844,0.4046472272096412,0.670128132450776,0.34901253136253957,0.6639032191067571,0.2354673098438933,0.7098308479712192,8
0.6138656793582494,0.6627999611386379,0.6618052751984929,0.36283128463986514,0.5802112573713385,0.9585094885029423,0.22864652790384576,0.5029320130151002,0.553803440575188,0.4248087669901387,0.9477863567739242,0.29841210452178396,0.9224119435907588,8
0.6308267040242824,0.6684348586417954,0.6609473825864622,0.9237599575829006,0.6192698175059982,0.37888655816349726,0.15323823063444164,0.22988770351573085,0.35105484582730934,0.38146758248246815,0.8496527468672445,0.4735918574319556,0.21374131961520634,8
0.6244225413185236,0.6930341008452345,0.6453539227560222,0.6440646923421536,0.6986445552569553,0.5709760175630078,0.7616254036518078,0.02297428019004588,0.23082427203348518,0.07676208502147124,0.11840228793930063,0.6160275894513926,0.24641209220880425,8
0.6158169476826604,0.6953852132517244,0.6461949939442875,0.7172159146196244,0.9197598902681555,0.5792862424500959,0.42405939875560117,0.011483647478251147,0.3764567749481584,0.36714156387104585,0.6718947947732437,0.3560671149626798,0.8735183329807849,8
0.6141825519921281,0.7178082191780821,0.6609978468577582,0.22106300975380755,0.33137706981747284,0.16062985979269806,0.882544360907615,0.9408107893574287,0.3974590301271395,0.6569054406359236,0.6681954100647887,0.028648591146129786,0.7452765474452847,8
0.6129317389636597,0.7345186048771009,0.6687188803660342,0.19462458086013223,0.8685596277586916,0.05007543510779677,0.7638121546971262,0.8280214432086614,0.7855464740039529,0.31347826003088614,0.9157543540840496,0.11793303310153457,0.43550764575037115,8
0.5900835543103017,0.7296220732536676,0.659568025837707,0.41145815961685883,0.7714710608836225,0.32553930969700273,0.46215432389748035,0.36633990041905673,0.25314211499809297,0.771888998150879,0.2168807758118813,0.09317689273191218,0.18107009812064584,8
0.5883157385633995,0.7288642766928981,0.652233885076033,0.8768017451068434,0.6530428549812375,0.8220280539350072,0.9977766230409059,0.3894069100202856,0.49520518170094163,0.8261895189059654,0.6212026885801765,0.8047593876663912,0.4124053240020639,8
0.5773252614199229,0.7557952006217817,0.6817386623603823,0.5969703085164682,0.6928552177622649,0.743530018224077,0.18701082382447576,0.1116788035195656,0.5734837997049429,0.2943945495150474,0.8538487807109529,0.5249080634636184,0.5102746002339202,8
0.5714214239255515,0.7444671135723306,0.6733615933252591,0.5159830144112552,0.48385911331246356,0.6830693534351119,0.2306411871819135,0.755727338953784,0.3216751466065872,0.9326300128009408,0.08488329964756865,0.6986289839577055,0.24568104763818494,8
0.5764413535464719,0.7442339453997863,0.6889382317319339,0.4014568272507354,0.02086371261509734,0.530756810210902,0.3093307757344431,0.08247854740559168,0.3700601632484461,0.5830045793751144,0.35878941952629584,0.12755020408774428,0.57590387382971,8
0.5512916729207318,0.754862527931604,0.7006627640963532,0.7019633839142663,0.926562433327638,0.15737845617605617,0.4787422533535671,0.0610712568686953,0.795481426761775,0.4254962690876701,0.4847721954593124,0.419674534669496,0.6535725884456998,8
0.557662480612398,0.7632371514621588,0.6994684430090163,0.4691174302744965,0.04202259295859678,0.485411080870507,0.1947562322392462,0.2796546885297241,0.6680000688383373,0.678651105309344,0.3874352795519796,0.41135820415146424,0.5926155652572165,8
0.5440703123697069,0.7850966676382007,0.7080810119768538,0.19321534983890798,0.8936604011385352,0.5079196233861747,0.4795835417152531,0.49884630907319505,0.27065622431696795,0.9346321048566707,0.46151991629559314,0.17685276623975185,0.5825324278773724,8
0.5392838678474341,0.7830370154473913,0.7118490109002826,0.8970395134423204,0.22227621138371068,0.20260527436666653,0.1864011778045771,0.8359652950866331,0.509014447506168,0.6969696462222488,0.44985028904100494,0.7775016538967486,0.5741809492864561,8
0.529544203732426,0.761624404935393,0.745239537074418,0.5692066660463684,0.16569094659560835,0.04154800624837074,0.07500165639093082,0.6772900625678347,0.6432080638300658,0.6245275270949786,0.8767344515994776,0.24625846510662944,0.479899487521271,8
0.5408849085238738,0.7581851743903624,0.7517326066478268,0.8391528922156244,0.2751761234518699,0.26322505730724277,0.7404770294423513,0.5423469084949141,0.7427646154643176,0.6965776799249834,0.33302641147044576,0.16989527870289217,0.2974627245100684,8
0.5302946915495071,0.7555231710871466,0.7542558202126229,0.7850582352913449,0.33320955037131816,0.800045802482336,0.20144613206956785,0.5118653116546974,0.5794771981529311,0.44089713698275623,0.6183999446361651,0.6466345864702926,0.6336812861599113,8
0.5209052550824702,0.754862527931604,0.7752489570717267,0.9138359393486287,0.5751809741545238,0.39534799576075363,0.49472705633579606,0.9345531513137126,0.4435354695060806,0.8656483006329401,0.5997983541176625,0.2265613038592262,0.7050266922914102,8
0.4982572005136672,0.7510541144467113,0.8002792356345042,0.23784815065508325,0.9932754958969193,0.6534539759582917,0.13545061091528054,0.24315650292938584,0.7267426555530551,0.4332024634279036,0.4862523134510453,0.4886519283792118,0.4515566592821142,8
0.4812628208335417,0.7383853104051297,0.8231059076840265,0.2705183977901252,0.14807002370423372,0.07829147225777477,0.10843043323231338,0.3993438824173391,0.5765996103279948,0.3215371259469173,0.5109661626137235,0.47162611417006883,0.5314814254275683,8
0.4897850269341738,0.7378801126979501,0.8346958686583233,0.3499308379303727,0.4114438718635758,0.06286530731930406,0.7407613066437472,0.4678698477895328,0.4760142260436466,0.4702731402219731,0.4631673099950623,0.40740837341750363,0.3442943453273324,8
0.4928703657377294,0.7405809773632566,0.8489436145875388,0.012701678061071364,0.41970911924220033,0.576052857622314,0.16732654271926128,0.9357197249689737,0.504996666348382,0.7268757778706442,0.6651437549979521,0.5056746925675198,0.32101614749722707,8
0.4868831407081269,0.7416885261828426,0.8788857488897861,0.04434690110366102,0.2452413815364951,0.22951369290821,0.5079343214900371,0.02206681338701333,0.8471038219207386,0.7219531140399504,0.1607255276270506,0.7451283340912688,0.3062816005118771,8
0.463301145744734,0.7207422520159331,0.9079868120037682,0.11537646855553418,0.207852814358936,0.20668270683981682,0.572672161174031,0.9018400559075261,0.9067095326744086,0.8211521537776372,0.19493291960107462,0.4465870565021302,0.37516164793360096,8
0.4750087556911992,0.707781987758671,0.9229410577311264,0.22146349642572494,0.5120046294389962,0.7788752662194598,0.6864063822585972,0.44139806968187045,0.6112645111989239,0.32679874581081014,0.6305598605877273,0.24956157104251217,0.2544167993839372,8
0.4716899317889961,0.7027883027300107,0.9397288386489032,0.2666588261678885,0.26489802289396747,0.915388996638306,0.5470223993105408,0.21373491313776627,0.9044453667838975,0.660688060942706,0.2401007955931501,0.40587746703372884,0.2823534390979653,8
0.4689214656193192,0.6921597201981929,0.9755921141165388,0.7295233734199151,0.3420745660412098,0.07917707524907425,0.14810283014260428,0.5386148763532943,0.7584023659154957,0.8990808205338351,0.3676665224634493,0.7731992552139844,0.5854626617299854,8
1.0,0.7632760128242495,0.8273617278966493,0.17742924765409085,0.8267112207341804,0.3527446027560759,0.41021217339466964,0.20401694667770298,0.5110552308987465,0.17896789141435476,0.34385375905006316,0.5610158036614609,0.40758773326308967,9
0.9699638098097096,0.758476634606043,0.8334174404521599,0.9974159092902272,0.3017318546572365,0.6783340279832641,0.8640445777964896,0.4849945538794497,0.38990134078343097,0.6491485509723547,0.45053626851474426,0.5703258519468438,0.5902120467763757,9
0.9464485248745016,0.769746429612358,0.8413571524693851,0.4435710611807707,0.08432166794199214,0.46896013927298996,0.7635535461574429,0.14017540247961813,0.24717608081068773,0.23027721976254248,0.10838292483091878,0.15915348946166177,0.5878661237445435,9
0.918013375360651,0.7732439522005246,0.8435271161351098,0.2051625175284646,0.9184188259198871,0.7502869004599946,0.23488048972079112,0.5514673200265121,0.4605516669316331,0.22296118718562968,0.6502280254099245,0.20982373059188258,0.5586698560631228,9
0.8870432447757708,0.7783736519965024,0.8528630063248555,0.8023341114349248,0.9871316084326236,0.6193353038042039,0.8818253138017391,0.7558041265008647,0.5933579003085804,0.7477962015777376,0.49525617304926867,0.5632272394891251,0.4413753164760598,9
0.8678474341655409,0.7841445642669775,0.8443009016283138,0.6613051217623196,0.6302419709471209,0.6301985926309187,0.25849153677789205,0.35970096872178714,0.43574818429145645,0.7670748777642135,0.22605932460558298,0.2819085169269698,0.3305193717183752,9
0.8496856289921781,0.8123384824638104,0.8535863275467637,0.13006292813537168,0.46570248865358055,0.9664064637231042,0.3324373337113402,0.6861487468080264,0.3825551766612571,0.6223263605396872,0.9183400854819892,0.02704831823148274,0.5861846081900585,9
0.8285051950434448,0.798639852326824,0.8573543264701925,0.10705985449023858,0.6429548304377884,0.26505634358381547,0.42593913985836174,0.6955182818812832,0.212839668354555,0.45770119570009515,0.07654440288813806,0.7888683795176886,0.605375411907393,9
0.8066576608128616,0.8030311862430778,0.8368490109002827,0.5323089253950875,0.24115945871617905,0.17351189057675898,0.34674215547492937,0.12784336825905362,0.8088993336961163,0.5148479869551446,0.856531873064661,0.1363193353865185,0.2776054167439707,9
0.7863277797234869,0.7951617604197027,0.8498351500471001,0.589054361983249,0.12635558412263503,0.8673485975161288,0.07397268731989737,0.04041842113964644,0.8491297976718163,0.3238775231062292,0.17965152626920233,0.6349194422015527,0.8762821278546912,9
0.7736028418472006,0.8380258428057903,0.840583366976181,0.9440806393573887,0.5893788597096102,0.8966247327335136,0.9247629818533167,0.3633926722586137,0.3475716863578002,0.19403217373899748,0.2738576423403862,0.5121076306551253,0.4567744955066726,9
0.7530394756591784,0.8313999805693189,0.8394731530076707,0.3234216921192583,0.31402624652325484,0.7188107055794448,0.021605460458418047,0.2550643185076916,0.6775148325691699,0.5805406075231543,0.6218940132436375,0.3094120927773572,0.42137136361004013,9
0.7379796867964177,0.8255707762557077,0.8449737585789263,0.4272068695829535,0.8389408379641339,0.4874364431245858,0.19366443693894964,0.5981933821750126,0.18225253335790237,0.5931807644912352,0.34322435846308275,0.6052457142156065,0.5757729380007156,9
0.7321759143443238,0.8372680462450208,0.8567992194859374,0.6855512175122632,0.03632497927993483,0.9587854019386735,0.776900345255123,0.9079873744781441,0.7373217966905979,0.5948580727295898,0.8436973114830753,0.7403264960489634,0.09499363683170392,9
0.7215189873417721,0.8331487418634023,0.8500033642847532,0.1066011717398313,0.5560289073065071,0.4080401757592964,0.5662015495506182,0.3382239708247071,0.1695764626170041,0.678887421435727,0.49729818099873657,0.7506652982341034,0.9171001033661116,9
0.6947182335184536,0.837909258719518,0.8643015744852645,0.6357127113283515,0.6440076558353475,0.004621819665208915,0.6379674216624535,0.9191277178514725,0.7112435706818167,0.34621158162591553,0.6035350326453888,0.5313706528967629,0.6652080016617691,9
0.6889144610663598,0.827630428446517,0.8427028663706098,0.9398987044311052,0.43097925291160577,0.8493903063064601,0.36840277963054535,0.6683492897313271,0.6002903098982733,0.40698911886300515,0.15893506424300877,0.16815546957105326,0.4842221678115337,9
0.6857290572205266,0.8406489847469154,0.8557731126362537,0.6680412279980379,0.8058211190036504,0.8934785887049702,0.9871313340395702,0.12031082229550305,0.26792336667332,0.815579630072467,0.34555341842164156,0.5131934911007763,0.6736255391799421,9
0.6644318807224695,0.8539784319440396,0.8591205759655498,0.7931641644341434,0.8380768590631957,0.7672479453730535,0.47607770268978067,0.03191957332454021,0.13538403028590512,0.2809433531479164,0.18226668357559242,0.5793918561998436,0.25759362264998276,9
0.6713697236537082,0.8409015836005052,0.8579094334544477,0.46533932934689337,0.47310949642782885,0.4974230413070754,0.5871641671828909,0.28384843836362195,0.3433724746203615,0.2913095206157481,0.829981798999709,0.43342623253815776,0.6483779657789824,9
0.6558929971147912,0.8476828912853396,0.855184362804468,0.04425157426697146,0.15392025957133693,0.9917822837275071,0.538819045456672,0.9006312606017792,0.5275523875456495,0.20270719640632587,0.5852300287919481,0.5660961406603061,0.6977111911311237,9
0.6468037557745867,0.8696978529097444,0.8624175750235501,0.6769170626705103,0.2917702200173873,0.009316256708527426,0.97360239670868,0.9599258151375251,0.3973341199097038,0.65478778559554,0.28459196776127765,0.46858941746969995,0.13994179867050463,9
0.6362468938143125,0.8520159331584571,0.8640156102812543,0.4199762053650621,0.5998183207470253,0.6717803456475854,0.7065563549899296,0.5524502448436251,0.38507672488791167,0.6815795453689057,0.7115301460327479,0.5551556933849302,0.9762010281993644,9
0.6394156201530994,0.8481297969493831,0.8770353922756023,0.8474401304745044,0.029320685261218893,0.20735418870087508,0.4889763349599954,0.15087243193125588,0.435123832391218,0.6767609457496756,0.6336640985835494,0.8073216518016222,0.1039136140535595,9
0.6363302813495438,0.8518993490721849,0.8599111828825192,0.44339801849424554,0.3040726105664112,0.298871941093116,0.5236726216142021,0.8496061733348271,0.27256647736698225,0.7330613281073779,0.8186986321460185,0.6218565073102338,0.08655569836939761,9
0.6273077500375244,0.8506557854852812,0.8725608935540305,0.29791656752598716,0.4207735717197255,0.26920463312554055,0.18516568153570712,0.7669836477418995,0.3724058495250673,0.32873366852066294,0.5203316464759734,0.5580483630915698,0.696014829843783,9
0.6357298910958789,0.8621976100262314,0.87772507064998,0.907833012993838,0.2585381237919666,0.3081773823927251,0.10140879785838819,0.5543779135993921,0.4286122467396429,0.4431182288662101,0.45300007861695807,0.23481246136487427,0.5591671579504274,9
0.6387485198712496,0.8465170504226174,0.8762447853586328,0.7219516711388069,0.23178301515669242,0.5350386830589755,0.04964915816319271,0.31869154923797205,0.4561517759472706,0.5386865076338753,0.6155034426698572,0.07963247011665045,0.2479525796820724,9
0.6480879238171477,0.849800835519285,0.8809043197416231,0.04606150652117902,0.9703758772504141,0.8504777293377103,0.7499843993156057,0.6735647547642272,0.6969950588334958,0.7071101187109812,0.6184359595041484,0.2353405122799654,0.3753439563526143,9
0.645269425126332,0.8548722432721267,0.8818799623200109,0.2676178780806888,0.16347135255524392,0.6397907708730514,0.35741830030891897,0.7640023822350002,0.4506162241563776,0.38403324997724764,0.9276362258545137,0.58670742127509,0.4476066663204162,9
0.6358132786311101,0.8393471291168755,0.8838817117480824,0.6094172889138504,0.29789961085320105,0.2807664264067692,0.14076365910795297,0.928504870828216,0.6697036572491912,0.48951738171230547,0.20560247513232202,0.5672827590332631,0.16575641804761418,9
0.6497389970147261,0.8498396968813757,0.8908121383393892,0.7233455789756896,0.13308833781569762,0.3631229113403589,0.5099446994895147,0.9216504513516268,0.5643925574108102,0.6050034437237619,0.07827972650507167,0.2955832232870458,0.1502381889042553,9
0.6534080485649004,0.8426697755756338,0.8976248149643387,0.03958472801740309,0.8316200855430679,0.7518862597385266,0.8299238173940768,0.6879856242525008,0.10334112815195608,0.5253786688925794,0.6715578577908654,0.1881211603399653,0.2806743844093848,9
0.6466203031970781,0.8436801709899932,0.8933017090566546,0.5458094857494714,0.1332097911387684,0.05567143160962085,0.613902456121382,0.3003397469734398,0.38519422996830766,0.5294992964932876,0.5409628630670837,0.6964246551570415,0.4966296061106275,9
0.6634645853137873,0.8201496162440494,0.8866067823980623,0.6610287041448488,0.21152497284160576,0.43681477831166426,0.43676092535232414,0.08661088813429807,0.6734255643490576,0.8288887268987439,0.6868322072288305,0.5402539389591238,0.2164678549435,9
0.6650155934690882,0.8324880987078597,0.8971033508276142,0.2656942106829945,0.2552913375727397,0.7598018096275659,0.7606245424964622,0.548917431223857,0.6624851038828595,0.06264000822503889,0.24691050607830964,0.4383977537078668,0.8286442271649731,9
0.6906322442921231,0.8241134751773049,0.915960166868524,0.9956167304256379,0.8425956945886608,0.4161547458954745,0.2688165934470099,0.18511056515236923,0.2088933491147799,0.9024436800337976,0.8083367034700506,0.4815913827079945,0.4194913172134496,9
0.7076933340004335,0.8176236277081512,0.9083568833266048,0.6315988518821548,0.13790689911154141,0.4156635680211913,0.23287430849806745,0.37868708733347667,0.4907136220453849,0.8547130037546269,0.7195615598465044,0.46490587982795295,0.608945660075574,9
0.7120795183535964,0.8208491207616827,0.9153041313416768,0.6271594934478528,0.4133902156828988,0.6783879915910866,0.21027160757423013,0.3663278111394155,0.9328511570727807,0.2624664056766341,0.1843840460772052,0.5709266146280434,0.19052812032694416,9
0.7271393072163572,0.8253570387642086,0.9214271295922488,0.4626081631013984,0.7476882016236671,0.4943602533567859,0.48597399443826217,0.5620449649655226,0.3177833778864999,0.8110704497887795,0.23461509995046564,0.6161938086854947,0.8903060653743271,9
0.7232868030886742,0.8207519673564558,0.9224027721706366,0.7333403851184327,0.22316370874648028,0.19118118228715664,0.4306625852671183,0.6475580028947411,0.6862601918106979,0.6724753616234526,0.5009337150946057,0.4344212756693806,0.2708666722228483,9
0.7591434432381047,0.8105119984455456,0.9422352307899342,0.25788203611993266,0.2886477253303992,0.9922138220424478,0.7996392749156052,0.5945363440314039,0.5608379590970028,0.8972436085847515,0.4015357744660733,0.38269932260612227,0.511137742345125,9
0.7537232534480744,0.7977849023608277,0.9380971605436684,0.16793816435546927,0.7005865536510311,0.20921387848903372,0.34705622737541997,0.835758087064252,0.656594292575657,0.2706102748000171,0.4328039483901787,0.5371166231858758,0.23299290355531058,9
0.7974850319374259,0.785426989215972,0.9371719822365766,0.12369201409591701,0.838802011397415,0.8013490549674371,0.6307813014914465,0.895000882345546,0.5077273697020435,0.3929241394786135,0.845180197668115,0.5098716312462741,0.5276226943950257,9
0.817498040392922,0.7889050811230933,0.9452294442201588,0.434038333794977,0.8965723849172519,0.670218238536802,0.8551141337306141,0.5305281631066986,0.7105821872970252,0.432704373874788,0.42926683743169475,0.2622063372746202,0.851585901181116,9
0.8368272710595219,0.7906344117361312,0.9635479747005788,0.344752593443695,0.943559451252132,0.16862958042932874,0.19689534455917945,0.14020622537885974,0.38597786935929856,0.7938467281406699,0.7917677372787607,0.49770759103509055,0.17017212410180305,9
0.836427010890412,0.7851743903623822,0.9511842282330778,0.6416305241367828,0.573624666452049,0.8672148361479596,0.9752767871245825,0.12281449413431933,0.8418294110831421,0.2209463066537838,0.10631827434216337,0.3133138332715089,0.22925882562063904,9
0.8643118026717366,0.7825318177402117,0.9612097967972012,0.6931576573024778,0.5528688297609364,0.2928394635839192,0.46820941228058366,0.5664819526500379,0.5013333753492465,0.8258417250061181,0.554043172033087,0.8180050156117679,0.24779525470410188,9
0.885158686479545,0.7466239191683668,0.9536233346790474,0.5043955662577089,0.5099054494154238,0.25645507341545726,0.5960100213596058,0.31113420924612023,0.8101156820522045,0.5403699563061231,0.29190612236491176,0.47558942818070876,0.6496365012667895,9
0.8952819332566168,0.768600019430681,0.964759117211681,0.0984688568336185,0.2577681574193169,0.3901323969962721,0.057224346716899466,0.5793549764580962,0.6876780730725642,0.703819962392123,0.6625292425136142,0.5090417090948112,0.5667858042249279,9
