var-0,var-1,var-2,var-3,var-4,var-5,var-6,var-7,var-8,var-9,var-10,var-11,var-12,ETIQ
0.4153520131857781,0.396071789548447,0.5418325649622799,0.5714025946899135,0.4288890546751146,0.5780913011344704,0.20609823213950174,0.81332125135732,0.5934164659026848,0.7433544040285465,0.5289666836391932,0.37905809354424447,0.46149644387310973,0
0.3983652326011638,0.4086103750648783,0.5262206621961442,0.8235888725334455,0.6534725339011758,0.16022955651881965,0.5206693596399246,0.32777281162209315,0.8758781455377213,0.2244086817822748,0.2996973652858238,0.5607747498862288,0.6211920257460797,0
0.3917555249083386,0.4436036823558336,0.5429982187761945,0.24999667668640035,0.9528169091459117,0.9965569925394552,0.04455638245043303,0.860161037286291,0.6384507883161097,0.6807264265136993,0.3707122468557705,0.6283277250473934,0.2780542864577055,0
0.4295300884658077,0.3717048651897178,0.5396453269069572,0.603190610968185,0.3816059859191179,0.28361821790671515,0.674964847134956,0.45683115105830563,0.6913320074144368,0.5574344843660456,0.5932334109452636,0.4504463008805179,0.298532461601781,0
0.393235561236503,0.3755565875379025,0.5270981768650461,0.6858614854745947,0.6618463200523511,0.1329781447122128,0.7678378139439905,0.9824132490111909,0.1271887958617349,0.437493982910937,0.14432527606371354,0.9126783329939849,0.9116744354016527,0
0.4553129940462174,0.4043488950200781,0.5374187971500419,0.9693881604049188,0.613326820546709,0.0442606328646209,0.004055144158407464,0.13397252704913387,0.6459094738858565,0.385231414010386,0.8932558703700675,0.5530964016775005,0.3030932825793519,0
0.4043862894816508,0.3486218482803835,0.5281066638725901,0.941002271395834,0.3028605620290723,0.3661456016604264,0.8981962445391883,0.31436380495645067,0.6473859644096785,0.5076332654252055,0.8614979235089587,0.4787348283061365,0.30758109231485237,0
0.4083722964109118,0.3700112000437074,0.5059199497066219,0.5489821840124055,0.43603095762412225,0.06499417612685054,0.5845462257019302,0.8440678976619022,0.7347986329784071,0.3412801959454412,0.22812643821831585,0.7290630290837753,0.6524353656122307,0
0.4257627232668438,0.4086376922446526,0.5225665339480301,0.1564189183874064,0.2242989686860415,0.41287020771484073,0.03692486905862902,0.4966034986165482,0.3342745410188689,0.621124256004214,0.35219920480822703,0.4659707685025072,0.6025114967916138,0
0.4382589390830502,0.4698828092987679,0.5511054065381391,0.8179828644296319,0.6578909387591091,0.5334837356527721,0.8551257407736,0.14968813497140154,0.1007042494763405,0.40107279713919103,0.7171687687288592,0.4651279146457412,0.5803748735327187,0
0.4382925762723266,0.3926298248968776,0.5374842833193629,0.5672354768631239,0.3741748177480889,0.6013045471136395,0.11291570189443623,0.7755127010728279,0.29243615611386725,0.6051651626525354,0.23840980845270232,0.8285982119821526,0.3296122702883846,0
0.4130478657203403,0.4262845903788892,0.5146296102263201,0.09660583318435267,0.16636374579324753,0.8074497520247557,0.9476939242234907,0.4332315025514858,0.4208191010364537,0.13265411223986598,0.7731956472935795,0.7967089307104549,0.6189494294989428,0
0.4190857411954656,0.3354003332695932,0.5376807418273261,0.41408083174830124,0.24548187614075512,0.274703391965577,0.6172527709741663,0.17846041072072527,0.4786386597919468,0.4499216577719233,0.602813127842202,0.24085898676491,0.5530354895309557,0
0.4005516499041339,0.3858824814926107,0.5069546311818943,0.11948250433077712,0.45573485868103825,0.1649378065796322,0.648724831216227,0.821055674361497,0.3325969761525119,0.9046449682942743,0.5718849971437362,0.2189239199773382,0.27248978066800755,0
0.4291432607891284,0.373999508290764,0.5195541701592623,0.7775113893753993,0.48013339022434753,0.34757125622081697,0.4347105489944344,0.005008574909348362,0.7290026374681177,0.33536935701559323,0.28410237973414054,0.5356216134803581,0.29157738662830207,0
0.4096841467926939,0.4101674543120168,0.5482764040234702,0.7125732007896374,0.33165722263549546,0.31942323776053394,0.07992503242021254,0.44805592600101607,0.6640983907709369,0.6034290417012117,0.6487697524465489,0.38829535183053693,0.6169408336139366,0
0.4452218372632782,0.3305378752697571,0.549965947191953,0.5828489673005941,0.390586941842884,0.8695455453974028,0.6733532167485129,0.2414082418108049,0.38749404344787164,0.48015174245335523,0.3433207511215978,0.8840253938463213,0.8347137676091377,0
0.4376534696760738,0.3940230010653699,0.5307915968147527,0.5253538488765902,0.9105338176465975,0.5201096943214129,0.6021048687389493,0.06277362381152096,0.5451666658079402,0.6166716662079512,0.21842246524967263,0.7539042975179459,0.7615732123915903,0
0.4125433078811934,0.3507799054825579,0.5367508382229673,0.48938611652176434,0.4614412627964344,0.4011298800689024,0.4204353581465221,0.5849350493343958,0.323462794473011,0.5855692544547928,0.6847569137207554,0.7309515619072623,0.7298168249064984,0
0.4180766255171717,0.3738629223918922,0.5488788767812238,0.5386670484231432,0.4898957587909363,0.16579644053220766,0.4413468174535875,0.9686781985609425,0.10286319907566878,0.5949515566240241,0.5271645937060985,0.7248187678437673,0.5874901948220669,0
0.4066399811631739,0.4006883929303138,0.5450282900251466,0.4151736932178327,0.035317829787831156,0.002830426682370324,0.5354184513162129,0.05057294182209637,0.8751031902578786,0.5240242969151534,0.2345622902814828,0.24877805869770503,0.6372806874296867,0
0.433902923071748,0.351162345999399,0.5231035205364627,0.09274340534219172,0.10875641262696911,0.4540783303488197,0.9926880657637538,0.48505535080507134,0.5849648517932753,0.5219743404943469,0.45044667336541666,0.48046720889391625,0.4565916450363374,0
0.3965992801641494,0.4068893927390936,0.5319572506286672,0.4586402838083844,0.4365108145371187,0.5011121848422556,0.4470874692740242,0.726215200566661,0.6962339401617462,0.5927847478242101,0.001963530390138278,0.4394453756044092,0.41783540569213795,0
0.3937569376702882,0.3518999098533067,0.519213642078793,0.8979415356273188,0.6978703473377672,0.42331060266774045,0.6495291182373754,0.9095405975236686,0.49737723829247865,0.3291442977710773,0.24126986293241096,0.3214378246159692,0.25648685940680604,0
0.3946987789700292,0.3941322697844674,0.527281538139145,0.15362734153599478,0.2373424569000443,0.6191120001144675,0.6870199456481508,0.6426002227117794,0.7638147362237276,0.10065211475841844,0.6333120647525907,0.6916889855588162,0.1919406693776268,0
0.4109119042012848,0.3741634113694102,0.539632229673093,0.5885285628983279,0.8294231938453709,0.4789429532356768,0.8075888612596384,0.9623558468839565,0.28505705093597494,0.4238642697645933,0.8246558282121292,0.8212292682248771,0.20915615101386778,0
0.4287564331124491,0.3181358756521976,0.5273208298407376,0.43535668292056506,0.8588455784808138,0.7182423791983076,0.8886814943629995,0.04623588619564345,0.950017382894632,0.8079805553672537,0.574279655343787,0.7381544389316124,0.2670074928751167,0
0.4435567963940932,0.401535225503319,0.5515245180217938,0.9130986448423635,0.7668385355448595,0.9623789273619899,0.98131935906942,0.28548573078687023,0.3262321778806015,0.49435395848643476,0.7540686000867486,0.3014594294322652,0.5757022769599185,0
0.408456389384103,0.4393422023110334,0.542657690695725,0.6700013166466804,0.14127353102702234,0.5951327636887873,0.9195796756956715,0.19197332103443343,0.5892423434697962,0.4418921259443907,0.500236750308169,0.2320984164783869,0.44868130335079137,0
0.4294123583033401,0.4040757232223345,0.5276089689857502,0.3498686863671552,0.07974567705000712,0.19465631564517616,0.20770266641880264,0.09600092980546204,0.31402166371204043,0.49847542061988426,0.48917002789298575,0.5350832729341234,0.47299212520988365,0
0.409616872414141,0.3788346491108257,0.4425817267393126,0.9996980377175202,0.8875339549944073,0.46375997262576707,0.7437024470523893,0.695236793364116,0.5416353907775867,0.5803538861448223,0.2982754802250144,0.10423103937300005,0.6842406145899712,1
0.4351811362642537,0.4407626956593001,0.4280830888516345,0.522454609889347,0.42348679488615915,0.664073323782122,0.5555198729672033,0.265889827888687,0.45298650995686374,0.42324464019231234,0.45259374641970257,0.5322726545467431,0.2735723561305046,1
0.4419085741195465,0.4093206217390116,0.4196484702430846,0.3643255465919335,0.6272667630222782,0.6271288917045859,0.2095937611451607,0.6097729907070338,0.6872100513412742,0.1612515341651452,0.13537974926720786,0.6281167881689058,0.33258694896527236,1
0.4314474082545662,0.3590296937744147,0.4598438809723386,0.8749287603932815,0.8713374496408887,0.6522633075694795,0.07017267325726095,0.42351808992862205,0.6680905234868587,0.6163980359411709,0.4327399882261812,0.18362978064542862,0.4749948092204215,1
0.4232903898550236,0.4269948370530226,0.4534917225481978,0.08902228492414066,0.05524979791048534,0.2546980854885439,0.45687376278766356,0.7593995049120491,0.272367763462335,0.9689688954102166,0.387676253165151,0.8949923316286392,0.20329209670168266,1
0.4175384304887483,0.3698472969650613,0.431894383906119,0.6288415398407439,0.28248460193485714,0.6950690619200575,0.5065069608344968,0.5075296156707131,0.5713575000287521,0.8227672613292927,0.29532988893801876,0.3864239969002409,0.35798393153127667,1
0.4492246627871774,0.4321031496708279,0.4514485540653813,0.2636220634323303,0.441645686622701,0.3415258701814652,0.726546393909013,0.4825965308099226,0.7740454976203436,0.45935823830234274,0.8381801895660227,0.4371539970960716,0.776222341873989,1
0.4384775808133472,0.4216133526374737,0.4749580888516345,0.44676557819006135,0.47700809379806863,0.47991137269101614,0.6896387006328037,0.7198476893232635,0.720300212483414,0.6460270219025629,0.47673189599994514,0.19626870901406676,0.2682957215554545,1
0.4437418009351138,0.3977654546944573,0.4474931894383905,0.8010969737326715,0.40525688164589924,0.7935398606099887,0.9647259459117272,0.9923494116644874,0.6115249502691558,0.7528697603194937,0.31112769069979584,0.25665529922677943,0.6832691320465314,1
0.424114500992297,0.3883683448520774,0.4561897527242246,0.7206556019502786,0.06548864838133828,0.8472865278538246,0.8364569716615516,0.016317818997595213,0.2190976591067405,0.4933992688672691,0.1995452038600599,0.4878221539651387,0.2897054843031538,1
0.4708365568973056,0.4189362690195864,0.4416387259010896,0.32766572871399635,0.3220972200771334,0.7404421224932046,0.6103062881081006,0.2823220462034699,0.4564712996993837,0.1592533267108168,0.7749403248049402,0.8550503095142106,0.8159403344441778,1
0.4207171448753741,0.3593028655721583,0.4768571877619446,0.186365561491604,0.16853039195927333,0.09545322921951538,0.790572738775103,0.9357357476153892,0.42774381079638063,0.6907615690838806,0.2666525483691632,0.3541225308202132,0.24328227393876792,1
0.4485351004070099,0.4487393121534132,0.4311740360435875,0.21987633831820674,0.744912691964874,0.9511437223975017,0.19172722525544061,0.5718944518557192,0.3197265094608476,0.8722523763437185,0.5333891231196348,0.32092586919746213,0.9686494814631436,1
0.4366275354031416,0.4343977927718742,0.4487112321877619,0.4393126809218142,0.9748609274965017,0.8695919110882055,0.01604811394571537,0.2013272742878226,0.32697575870210493,0.8752128761402733,0.44743838462229263,0.4744004901666155,0.8834661610682865,1
0.4069090786773857,0.4511705411533313,0.4542120704107292,0.8479840747120673,0.5742410733609326,0.5228193173754018,0.8098135781591498,0.7640417052117675,0.7451528811207356,0.16764250649205006,0.4947590072515676,0.7374444640107859,0.5269497700502893,1
0.4564734770762554,0.3762121998524872,0.4622930637049455,0.954746349421138,0.326698242651259,0.04765403015638958,0.692282785313259,0.05013804909997255,0.25274248659766313,0.6375744845860227,0.6855269067365978,0.7423347977868422,0.4900425539156872,1
0.4063204278650475,0.3820307591444259,0.4729280176026822,0.5651792240587357,0.8597363526759456,0.39702823999942216,0.6011588397499769,0.17143016139205058,0.30919566471381205,0.7668230738887238,0.49781725441028213,0.5593977190795242,0.39804968744720237,1
0.4239967708298294,0.3729068210997896,0.4494577745180217,0.15773570625048083,0.6060550718704039,0.8644831653341858,0.9998379659971401,0.031138730964896166,0.6949229424917035,0.21959396472493126,0.5403506728609012,0.23203754864086676,0.6361740362810205,1
0.4703488176527969,0.3844893053241183,0.449667330259849,0.9209823275856519,0.5111182541062665,0.3493556684867074,0.3974146652165286,0.577889456457702,0.4490806313969973,0.5504019615867088,0.13889067830679797,0.8648634932102244,0.3925471961838342,1
0.4405462679538497,0.4209304231431147,0.4567791282481139,0.3476968859110544,0.1455089742241399,0.8655634034033419,0.7064894398362059,0.6098549399645308,0.4417227743499627,0.5735032147152895,0.5700850629840538,0.21296196454907423,0.4676638709318945,1
0.4514278986847858,0.3796268473242822,0.4699549455155071,0.722559030666315,0.9860259041500742,0.17509290094513885,0.8241687672106883,0.8223043071102077,0.2868695211851998,0.6780409780518216,0.3376940583796371,0.09586004296240726,0.67301675831315,1
0.4285209727875138,0.4007157101100882,0.4471657585917854,0.343347824779511,0.5587765910686205,0.4583951040226183,0.1943362585979126,0.4328975725259948,0.7289112295423053,0.6498700969424195,0.35436237851877145,0.9034118001937298,0.6715151920103274,1
0.427377308352114,0.3825497855601387,0.4471526613579212,0.1525588709216097,0.93220312044143,0.1874633777145578,0.6338814511159659,0.5700125055668297,0.1883844354036043,0.39749514458644736,0.16126266050786084,0.4408337363399629,0.4517152636642748,1
0.4322547007972013,0.4266670308957303,0.4504138725901089,0.9746576540880918,0.7935980998050621,0.36019086509285037,0.37611623823833595,0.049898122291304414,0.36997861520158365,0.047534543446417436,0.7559412551397721,0.6855517831979202,0.6330646712968296,1
0.4521174610649534,0.3898434725598929,0.4413636839899413,0.05183772866050185,0.3109734427656744,0.9498307423540859,0.04954204395411921,0.17674323990674723,0.41811979127475574,0.6865794852975827,0.31453028997672816,0.2879874226381216,0.18014938253849952,1
0.4180093511386188,0.3917556751440981,0.4404206831517183,0.636186112199416,0.36046181496956364,0.1855770297544811,0.9473848480754395,0.04276934560990486,0.877411264302935,0.25665928727669984,0.3545741886935373,0.4244910932647772,0.43132520946428266,1
0.4291768979784048,0.4349987707269101,0.4868241827326068,0.5980596301214961,0.428768925948003,0.3453378882969943,0.19493098178256762,0.16280938810391388,0.5226598643267303,0.32096000432046357,0.5991770005336183,0.6289171792603452,0.06210641810873211,1
0.435063406101786,0.3746278034255743,0.444873742665549,0.40562736845647096,0.75234582247811,0.4682266931317387,0.7773161331433892,0.8786623406210771,0.19644233920475515,0.6400614524117813,0.06368618646824446,0.8431189022631543,0.7859038927341363,1
0.4216253489858387,0.3847897943016363,0.4330600377200335,0.1731062370044163,0.879651748956727,0.5814035960002586,0.4206377353752798,0.5133557590973299,0.6043477545292419,0.3308007188487659,0.7130712990043678,0.7304229816270942,0.20151544185346093,1
0.431144673551078,0.3777692790996257,0.4652530385582564,0.889966798550269,0.391965329418024,0.09429308322523045,0.959738707640517,0.1183786186206881,0.45799768555431886,0.3109714926593243,0.40104547873255453,0.8432075737344571,0.3669727067715937,1
0.4890006391065962,0.4179255333679351,0.5540784786253143,0.10682731436678661,0.7216934981852633,0.31083827259587127,0.28996590177406645,0.6495432693465584,0.1534211441585064,0.43243631686950545,0.14070587583706018,0.6796062699672678,0.4799070468931361,2
0.491960711762925,0.4428661185019258,0.5899518021793797,0.8914564110269431,0.3455822753433141,0.9072154575721394,0.6197423374294808,0.6078287828306527,0.9149107949395497,0.5951426805578693,0.6710098077421484,0.7772403623089126,0.8288919753292052,2
0.5130344108446298,0.4420192859289207,0.5936321248952221,0.5325268752174284,0.012220350393190804,0.1580535990286892,0.6770672305406121,0.6934089901217156,0.5211012941160327,0.41176634347428737,0.7539324321342136,0.3369786993747549,0.2557894078486602,2
0.4939621245248746,0.4531373780970852,0.5496385163453479,0.09689496092715388,0.6369910296948245,0.47430595829878197,0.5769622095369061,0.3991306989101824,0.5066704114409069,0.319496775126409,0.30459006006229783,0.24759064003043385,0.8087469040665115,2
0.5037337280096874,0.427404594749638,0.5848569782062029,0.21784631376950991,0.3554669474792327,0.968813388664999,0.18850163089050076,0.8622965034704138,0.11955770399124492,0.899146117685669,0.8087382614042128,0.8044617279990737,0.44824274001575104,2
0.4951730633388274,0.4722867211189117,0.5758853730092204,0.5312451051630381,0.07486637979898325,0.811221242183946,0.017287214496327974,0.8372092651616604,0.22975653383391312,0.49721632821117534,0.34197009310027415,0.8370791742618447,0.4823122322313778,2
0.5072151770998015,0.4425383123446335,0.558597024308466,0.33849770452010564,0.9186190305515142,0.7269942391468164,0.3584253439639181,0.6253309806892837,0.15092808534931534,0.7493228956612048,0.2261999841901544,0.7889864538306656,0.6895431423319167,2
0.5262033704463654,0.4707296418717731,0.5680925188600168,0.9867250158432234,0.1710943357561402,0.20556893294532474,0.2892015722335409,0.8206624180193546,0.7228646996626913,0.9505639653700659,0.36991445622167485,0.11308616784803728,0.7021770662227453,2
0.5158599347438527,0.4591471576474444,0.5686687971500419,0.2469302036330141,0.2463842063123658,0.6147032420712142,0.5845755755569518,0.4187391092907451,0.15752299298732195,0.5806321158985973,0.39708849561491016,0.8836865163528009,0.5493190313222948,2
0.5299034612667765,0.4790340645231786,0.5554536881810561,0.5511145648429321,0.03109580371788745,0.005461745881927604,0.02766958503849759,0.05500110004610892,0.8231724681384595,0.6308377212377763,0.43465865824595296,0.7967841829878015,0.3523612505557004,2
0.477177167075919,0.4143196656377195,0.582093461860855,0.7707236391862504,0.9791484711904915,0.1246384806420936,0.38527126660502653,0.014628340766279058,0.4789909367644908,0.18678913322341878,0.39416684573112143,0.2079746169357701,0.8667707453200455,2
0.505297857311043,0.4648564482202857,0.5740910519698239,0.43397974027907815,0.6616696207437576,0.624134409589682,0.9015557620509973,0.5516914886945516,0.4933559992417345,0.5855155440804627,0.7516575368618009,0.6184599513198432,0.342524733626279,2
0.5126644017625887,0.4599939902204496,0.5722181475272422,0.052770187726222995,0.3763269154591806,0.45910460096054595,0.33581483502497056,0.034524086109069874,0.6171782826480013,0.1326786996206128,0.4735395648918956,0.40923325479163575,0.8528687341870087,2
0.503414174711561,0.424372387794684,0.5746149413243923,0.6274685223388181,0.48882654273960335,0.709341337628441,0.36458430935415753,0.07055623932959942,0.7225606333674247,0.5395890209690621,0.34856189489469186,0.25436691636740527,0.45296468415311947,2
0.5273638534764035,0.4056601196492473,0.5900827745180217,0.26531356016686203,0.17607414790348352,0.46074171374219264,0.15360512791595748,0.07857627354314056,0.4070324807719509,0.7105415095393246,0.4587208443655378,0.8797201784495439,0.3916224918398786,2
0.4779844596185542,0.4180348020870325,0.5531354777870914,0.5248990305399446,0.14078755503076001,0.104527008064636,0.12038473999324284,0.705394943194934,0.3170410698681391,0.5857717970650967,0.9216709034259507,0.6533758298837491,0.7973840107612941,2
0.4658918900736654,0.4126806348512579,0.5797883487007544,0.806655387093411,0.8097608685754774,0.5757927988444504,0.6352071161056971,0.7536886969020419,0.14439715053236007,0.44781743074729474,0.437542829070957,0.2953130788261261,0.4220841519340025,2
0.549951226075549,0.4544212855464801,0.5753483864207879,0.42765279021542957,0.5097591887856695,0.7130455453644915,0.6338861663386953,0.6088183675731145,0.26356638345876277,0.6187587547109675,0.41348880784955094,0.35626098021266883,0.3692310152768854,2
0.4978976756702209,0.4584642281530854,0.5745494551550712,0.6463096008521194,0.5355760083692563,0.21391855289512163,0.30579933420118466,0.6912992137814441,0.6576057257495976,0.8349833991245423,0.3996407332926111,0.3609174656224096,0.1613961935896143,2
0.5057519593662753,0.441063184636818,0.5844640611902766,0.41890885048292636,0.8584281580665825,0.3741219529226343,0.6693537660685733,0.11556706933541094,0.18122118768613513,0.775655002908426,0.804953748679587,0.11658075038030907,0.7561970889193469,2
0.4975781223720945,0.45592373043407,0.5637442372170998,0.299538340152529,0.8510880430317956,0.17554304677382027,0.6259133230205275,0.027778665742286268,0.4464080989132713,0.33216609178543743,0.47942396059831327,0.6323267732805284,0.548815881354176,2
0.527834774126274,0.4615783866473625,0.5538165339480301,0.6092864584476281,0.4514225323226031,0.8993990249970472,0.8254559249996858,0.7732033146846798,0.11946823371731133,0.7396728504446101,0.4544225196830796,0.42619561307876525,0.8470513259375055,2
0.5133035083588415,0.4961073018821537,0.5613474434199497,0.3386931531627878,0.6690440138379262,0.15476854922727068,0.48977365784682036,0.3893707779530763,0.30919297397299406,0.4383869548997327,0.27313634328266767,0.27627637096581875,0.4730799747958424,2
0.4857378317467792,0.4689267080066653,0.5628274308466051,0.4696596093621085,0.2740920706226495,0.2117196507352196,0.5198510017502086,0.6536205110018007,0.12550800999124714,0.7658264462036034,0.17777302368472256,0.44795272523287044,0.8197727198359552,2
0.5060546940697634,0.4438222197940284,0.5787798616932104,0.562767518825868,0.9530307863253891,0.5564492671164413,0.14924763061885926,0.641615189259421,0.09291869548237593,0.7716762590206205,0.41326047108528796,0.786281839403567,0.5172757698912599,2
0.5354031417134784,0.4777228398940093,0.5785441114836546,0.31657688124926275,0.9385385760468693,0.12990023236884063,0.45765684584761834,0.6737363437900138,0.320092911684782,0.2919831711167063,0.3524164842247119,0.3254591718979454,0.19612032548737143,2
0.4557670961014497,0.4180348020870325,0.585118922883487,0.9694980869283334,0.5219009000689792,0.380126287117007,0.7762920626979588,0.7869602149821939,0.2198547525932472,0.6685429493783764,0.6659955664558224,0.5674337698962786,0.8023378432255074,2
0.5017995896262908,0.4510885896140082,0.5846343252305113,0.9136729664942378,0.7214362996512742,0.12760236884067944,0.9914444089666797,0.9306820434785784,0.258360995272268,0.2461346218417885,0.7130449037984224,0.6250343778054465,0.09504793896118849,2
0.5063406101786134,0.5004780506460512,0.5762913872590109,0.43526698813928355,0.6592975368913645,0.8342924830775176,0.9168838982430365,0.7230334277180315,0.7298627458625683,0.3191228856069964,0.2486525322377563,0.37384609320625384,0.8390449293263385,2
0.5034814490901139,0.4160952823230529,0.5672935875943,0.09059346543940128,0.0678285133787121,0.36628066605571363,0.45599492958001464,0.3113303644779406,0.5874369883002819,0.09749654963076104,0.4903517007986298,0.8105127322579778,0.3435136862942363,2
0.4743180059874196,0.3049689950009561,0.4693524727577535,0.749487848033331,0.7636932181583755,0.39969609337574363,0.6980395953386618,0.1925293928446824,0.7789216859000222,0.21628191538188452,0.6500767707239559,0.5842171891376889,0.46434774944809853,3
0.4726361465235964,0.2769415685524626,0.4857764040234702,0.9513923730377122,0.24147850811016136,0.15622565029834712,0.3821527005596802,0.8630489298374607,0.3786195214355091,0.5509519816789874,0.19391515255475125,0.19973239160204231,0.7296537124316649,3
0.4821554710888358,0.3354003332695932,0.48941743503772,0.5982359684216775,0.6861087294646065,0.8182798896986081,0.3859070747212906,0.9595201327704681,0.7397216677255439,0.25560157248777776,0.6041640045440853,0.6597617466536646,0.46269405732618957,3
0.491674795654075,0.2631463927664108,0.4774727577535624,0.9873259668642348,0.5351720730177222,0.749366537890681,0.853762638614894,0.5916397313634473,0.37587269320867167,0.050696222653596947,0.699996823468834,0.14250080065679316,0.3724437897931183,3
0.5150526422012176,0.317780752315131,0.4703347652975691,0.13019435160937165,0.6568050339522123,0.45570247686458365,0.8542480539434153,0.20925683481859314,0.6394905419630214,0.7499288819989748,0.5237098227888474,0.3436775559275038,0.483953361972803,3
0.495004877392445,0.2707132515639085,0.4717885582564962,0.011776748703135165,0.17883965122767664,0.17080465977620274,0.3843092071404094,0.20779683625618994,0.35269375679886156,0.42997369073645536,0.673994711775515,0.11441644843269462,0.554956721766318,3
0.5084765716976689,0.2923484579452017,0.4418875733445096,0.3339621595970398,0.5890689288009751,0.1549500901963522,0.4845849381143106,0.35556692139582535,0.43672743311124385,0.27614744320971063,0.27093484665804146,0.74370082348032,0.923126226124556,3
0.5123280298698241,0.323927117764362,0.4741329631181894,0.004909815829783337,0.6741953737544778,0.501510865222874,0.7762207142908131,0.876853142592299,0.4587662729402963,0.38382867554530925,0.36323368991211147,0.6844502870325679,0.25591790402113657,3
0.5002859161088499,0.2441882700030048,0.4770274518021793,0.04803823237507532,0.7141064128562941,0.45928859837661806,0.8742426471761838,0.11550762423227223,0.4060724872380998,0.5221762269244237,0.64522022182809,0.4436784656817192,0.8962518941155668,3
0.4881597093746846,0.2635288332832518,0.4865884325230511,0.8387779550108211,0.4296047612343422,0.09269791931415405,0.46215166271904307,0.8771253063739697,0.3888953855593112,0.44420920776687517,0.14290265813358244,0.9153910178070929,0.14772321687208573,3
0.4714420263042819,0.2811757314174884,0.4654363998323554,0.07343550637201324,0.3787295783407292,0.08010443266156009,0.007057484390161628,0.8266929963561697,0.5383270607728194,0.8304774895999538,0.25334780997682527,0.06989813769812084,0.33135141948259617,3
0.4878401560765582,0.2724069167099188,0.4725089061190276,0.5507429261498079,0.5706898606048652,0.8992831994953924,0.08498540089647677,0.944339879720712,0.13095551180013174,0.7242040741089084,0.7666115572736455,0.9460641915116014,0.1170661342663004,3
0.4910356890578222,0.2940967574507607,0.4739888935456831,0.7530906901282888,0.8508934414145191,0.8152137564178015,0.393802008752522,0.023191276519372694,0.7873785905605878,0.3038442322206952,0.3262281789430617,0.3420914795083164,0.20214000295709172,3
0.5114198257593595,0.2401726445761739,0.46585551131601,0.9975345243422162,0.6329056141387182,0.7116774804376348,0.6956389354140375,0.29875014395935573,0.2185507084422975,0.8509401139299244,0.6029605045905811,0.3871391284655733,0.632995384762019,3
0.517255878098826,0.3153768404949872,0.4649779966471081,0.6569050114989594,0.4507605669392827,0.2267846723820116,0.4995369655822486,0.4677528843547406,0.8038257865297755,0.49909216662218686,0.11434964522674088,0.12561823115366966,0.2319833047806102,3
0.5173567896666554,0.2859016035184527,0.487086127409891,0.3019314257269431,0.7494388040241802,0.9088946167243056,0.5980511811354146,0.023195650434397974,0.29310224669298374,0.8940932671124444,0.5154320179740773,0.5853303731193608,0.4314843275545279,3
0.5201991321605166,0.29540798207993,0.4689333612740989,0.5444444519846586,0.6308624424404756,0.815493333816351,0.303429701803147,0.23440029638298165,0.8117185652448237,0.38629831193627634,0.7643322845618121,0.333355944618469,0.7700522550754152,3
0.5024050590332672,0.3206763733712131,0.4830783738474434,0.3737460345268683,0.16061240830311274,0.7793500559960111,0.02710649774663043,0.5647903740377629,0.3851102465846366,0.6183481625386706,0.4094318288946697,0.4009832745229973,0.5897336602898888,3
0.5285916108849944,0.3171251400005463,0.4548145431684828,0.8332175452802216,0.032399155634541765,0.1644670249525546,0.991941450250166,0.3075505432834572,0.4555899107790131,0.4419262450320273,0.05821282195911689,0.4607215818393663,0.5035027010993759,3
0.4998486326482558,0.32635834676428,0.4375,0.7678810894170335,0.02841396755017489,0.4669607975645371,0.042922865630152685,0.24545888629263246,0.9103722763602422,0.6300544250196772,0.48855869296050863,0.9182648625463766,0.6249242767857602,3
0.4908170473275252,0.2682820225639905,0.4787038977367979,0.017284342211825066,0.6793699077466818,0.4540738073830082,0.3520028369289,0.42047291719337077,0.5935207972512953,0.5458951246441004,0.2809622175828982,0.43369518892460224,0.7509732647592593,3
0.4915570654916075,0.2600322342721337,0.439268126571668,0.6802201446623114,0.25887870801398927,0.15459493738279362,0.041874670541842796,0.6538144550159984,0.3445784102347396,0.4017691308832771,0.6689052071746011,0.9078369853190091,0.7702568608021799,3
0.4837196003901913,0.3044772857650176,0.4679248742665549,0.6644918240298604,0.23924022998166672,0.515239914608103,0.9693779195076905,0.47337661517502283,0.8064632573245384,0.49980651057706565,0.2284423313819652,0.5996935559459322,0.6188905929095699,3
0.4907161357596958,0.3065260742480946,0.4738841156747694,0.7661292500529391,0.35052572429354045,0.5520743982972739,0.7787418429904683,0.6979273060628478,0.7599675025049656,0.24476032782940096,0.05986773191659546,0.32935228219136276,0.45769250459962707,3
0.4955262538262302,0.2971289644057147,0.4792932732606873,0.5973691777888769,0.2946671950034917,0.056454458142692676,0.4822354291796913,0.7227439561173581,0.8156617993105455,0.1838162981820182,0.4757386347714033,0.5198962310230674,0.14676633000031242,3
0.5339062867906758,0.3075914442592946,0.475874895222129,0.35970654700657156,0.7265247735175544,0.47096896437603275,0.06985747931685582,0.5809289454742945,0.24692921040672242,0.5849238069913743,0.2476422620551634,0.21041239615149449,0.12408451900203073,3
0.4819368293585387,0.2795913349905755,0.4588746856663872,0.5491691586164033,0.3217299155037664,0.19910310957587152,0.9855578074576734,0.5856345104399628,0.9618531609574773,0.1460073943447643,0.40330407504666355,0.7005848536960048,0.6778504025222017,3
0.5133707827373944,0.2662332340809135,0.4732030595138307,0.7244405878106647,0.04219561638663094,0.7332998377931648,0.16149849293140317,0.4831093576577409,0.4217898667388822,0.2860236774686654,0.7629930260660884,0.1259007027000512,0.04468121129094073,3
0.4785899290255305,0.2903543038216734,0.4802755658005029,0.3937147864705094,0.388914221883468,0.7907146361574829,0.20262507277431951,0.9450491411573432,0.6008746752042586,0.9393097283734241,0.536777256690274,0.4146389614215701,0.7405129298856088,3
0.5149853678226647,0.3124265850793564,0.5063128667225482,0.8499509250929048,0.49141231043557465,0.8762433383880582,0.5497466164712731,0.9183317367483973,0.23518487248813033,0.5165402608038185,0.5666153147268461,0.630408633298001,0.7600511150393752,3
0.4933061993339836,0.2464829131040511,0.3794792539815591,0.48850374730641455,0.97761253102664,0.7439858385138565,0.6582429007682308,0.9941388292657111,0.45688795503783075,0.5695310902172455,0.38553317580213947,0.2134467006354869,0.14360747548642824,4
0.4643277607723098,0.2755483923839703,0.3803305741827326,0.6954969397659884,0.24494574863369467,0.6473021073228062,0.16971867866273227,0.40474783550120685,0.7326557583357723,0.42458953135377936,0.6962795812345446,0.6426737202715099,0.5820745978602003,4
0.471812035386323,0.2243013631272707,0.378405280804694,0.7033389103411463,0.19076737527577348,0.4232536308481426,0.22937007572428014,0.4138107835504,0.08607241174107683,0.8650054990800533,0.4207660009975516,0.5878891261314522,0.2377418880664692,4
0.4922298092771368,0.2680088507662468,0.3779206831517183,0.23126799407285326,0.7030128751108298,0.8346393433250555,0.4812309580821347,0.7122982228582864,0.13858049586710547,0.780375493199892,0.40321297615490054,0.4550319316711403,0.11225014755220908,4
0.5477816273672171,0.2268418608462862,0.3663951173512154,0.7548339584624295,0.807712124275979,0.8021412683336109,0.6573250878641598,0.7387005839678107,0.4423905017348346,0.8849895812462957,0.5726821284242112,0.5951195033789901,0.7488465848450041,4
0.4976622153452857,0.2663971371595596,0.3849538977367979,0.729377081129842,0.5229356490193289,0.796040603416805,0.1892119055878354,0.7198934882398283,0.39085024404859653,0.7921630753801381,0.5594209457755516,0.27537689676872656,0.6989095915544493,4
0.5011100272461233,0.2909552817767094,0.3898391659681475,0.6383505961562338,0.5407189131007601,0.6043442525153001,0.9182987975145487,0.7895005561302904,0.8735424002315674,0.41563165834237303,0.5586230489049308,0.7365509137425414,0.508118052782793,4
0.4903293080830165,0.2806293878220012,0.4065119446772841,0.6906472423253603,0.9007677180191742,0.8713315943333568,0.3276158073186056,0.8607473856995307,0.09447719317780276,0.14855561909817716,0.7237540702881518,0.4512574441072845,0.26919020762504475,4
0.5033637189276463,0.2927855328215915,0.39302179379715,0.8861111769023939,0.5823463346102041,0.9253779100345005,0.1754610821608621,0.8020227735448248,0.3171476294898026,0.3327707682718964,0.6563738458997915,0.1370829840914099,0.2583941022130904,4
0.4852837296915469,0.2480126751714153,0.3403447191953059,0.24263572972620384,0.39967900114698596,0.5079887815330915,0.421753165150601,0.5168230513279659,0.5064560957049217,0.6313345892723743,0.7186359506226166,0.608718268361289,0.656911978837495,4
0.4936762084160246,0.2481765782500614,0.3899963327745179,0.09268115644624964,0.05899722955385056,0.7243165900203707,0.2703633550392862,0.27754518925330196,0.4148030512352905,0.7149494881526827,0.3759267770167553,0.2063078349769938,0.68593659579003,4
0.5078038279121396,0.2575190537328926,0.3710184409052808,0.70026265338568,0.7566404512998011,0.5349746969952134,0.8177376176070963,0.35065176912033014,0.6224394180042959,0.6508025819488515,0.2506425227156223,0.6424204836663249,0.6623767646227968,4
0.4932893807393453,0.1927227033081104,0.3725901089689857,0.8900416237621592,0.6382336973586779,0.846726312562582,0.8139055306323555,0.7009522324168604,0.5553140781777464,0.9359541248670851,0.5202476930985197,0.5112391031619727,0.28975808281465393,4
0.4978472198863062,0.2588029611822875,0.3782612112321877,0.9241558761446781,0.7542240304477038,0.4502103376885973,0.11840583320751819,0.4033459123797647,0.7747921379521405,0.5749025144922286,0.5621116917614941,0.5278156877977871,0.7208794472890708,4
0.500655925190891,0.2301472395989837,0.3870887468566638,0.6137564228390128,0.022958779062946744,0.5965002785329043,0.4079472664159526,0.4756002758549902,0.36808677218448055,0.4627884499285405,0.7516316241942178,0.9085968462311343,0.34824580037448033,4
0.4656227925594536,0.2408009397109842,0.3944624895222128,0.06623218336511338,0.07823635147965935,0.6484473769113032,0.2692606431823166,0.15433923630913582,0.6781411907288126,0.7284327907986526,0.25644419379619354,0.04853431056387953,0.7370022171118606,4
0.5064247031518045,0.2213784248914141,0.3875078583403185,0.8667394584868117,0.05714442910066653,0.7030980343833199,0.8230496907202036,0.8965374755967543,0.1916609165207844,0.2588701731611143,0.35191631360903447,0.38651182809842505,0.04918335155312017,4
0.49971408389115,0.2177452399814243,0.3746594719195306,0.659260116339259,0.05363459910023094,0.4375872603762716,0.8745124677601195,0.41052840314649586,0.3848830578970869,0.712486881498718,0.3119559334201419,0.646408507413255,0.38879809989504716,4
0.4999663628107235,0.2220067200262244,0.3672595347862531,0.5353540875802147,0.7428002849357681,0.5770380547746751,0.3605818472215063,0.5921996692973718,0.20795738854320217,0.2420977303524845,0.1806445059469802,0.1766738131231996,0.3977441273364331,4
0.5170876921524437,0.2147403502062446,0.3500890611902766,0.4644702205369484,0.33272616831072044,0.0698080948364137,0.26040582884295826,0.995092256963542,0.5224829572188769,0.863482713702718,0.5850928757175217,0.4640339583536905,0.48963049388785396,4
0.511167546839786,0.2138935176332395,0.3543456621961441,0.29272932300395715,0.3483760260265435,0.9810840827133354,0.10276549266368473,0.2527807327117413,0.7097348043549746,0.5618874955560219,0.8511235464044878,0.3552742223210267,0.8672373211954985,4
0.5065760705035487,0.2089491080940803,0.3648889354568315,0.37662834907555165,0.46408935210036995,0.4049489808578155,0.2745203458966947,0.15038951433535586,0.44739524488512616,0.4913260717174249,0.2701215364986511,0.38013694482545024,0.7407973249088757,4
0.5275993138013387,0.2181549976780397,0.3924717099748532,0.555416305493424,0.16898043339718682,0.003649267882667395,0.7591408476445688,0.7636356348346681,0.45687676556541457,0.15631073938457277,0.821132357362318,0.6569048068011133,0.3315925757401375,4
0.4988899727538766,0.2527112300926052,0.3724984283319362,0.36117320083178717,0.8819018771293257,0.159288781236831,0.9009739100090952,0.6814104515259081,0.05665706637487139,0.7463556582753395,0.25284979673642816,0.22523839086038877,0.41462847828023663,4
0.5041710114702815,0.2274155216215477,0.3702326068734283,0.6702376837187322,0.05003178904649341,0.7617523490235757,0.1690660533744851,0.53568355690545,0.6347782254206107,0.35592098130428856,0.7502995252055442,0.577794540984188,0.9484590463892254,4
0.4966867368562682,0.2564810009014669,0.3793220871751885,0.5502273004595917,0.06048194747314817,0.2952758249089018,0.9194761772533087,0.758886190987896,0.4952472137857661,0.11462931728041946,0.6386344043779244,0.4479768250944961,0.20131196061969447,4
0.5490598405597228,0.2833884229792116,0.3869446772841576,0.3078588981898869,0.9771517087211744,0.07205402999519439,0.6525757385032559,0.8035949942072589,0.5275110986757762,0.5036787667101144,0.342899487539727,0.7929692789672824,0.6775599771131635,4
0.513707154630159,0.2330155434752916,0.3750130972338641,0.8476235722752982,0.6468396415641562,0.7394080278598361,0.2463119062984822,0.7825810949604604,0.17487674662691904,0.4457803555991601,0.6445859703992828,0.5940894687011601,0.436766847667972,4
0.4970903831275858,0.2093861829704701,0.3672333403185247,0.6806227508015943,0.5739940078733203,0.26689017977346896,0.672098102341149,0.04963821802766111,0.2747607664610973,0.46020817867282393,0.4832880681205066,0.29347634662214495,0.5167297972557994,4
0.5045073833630461,0.1726992105335045,0.3662641450125733,0.5022268476356928,0.657436152701998,0.3385054205909317,0.5999163068580698,0.05590607504462897,0.3361888192145929,0.9514985280194832,0.8043611505243734,0.2534453321312247,0.7088451868055867,4
0.3347236704900937,0.4765482011637118,0.3174245599329421,0.33451841382908476,0.4909128642240288,0.8283100275383884,0.5366406402555322,0.929830215879923,0.12419233979681651,0.43262469932330505,0.5925059911037427,0.5887376542424738,0.21509111734501404,5
0.3296444549093477,0.4636818094899882,0.3233445096395641,0.37323653885580466,0.8921810655468647,0.5818882185785339,0.47029020588227133,0.18254755301498482,0.4595993738302031,0.30391382686868396,0.19719077274781407,0.42109798835222356,0.6169213957984776,5
0.3084025698812607,0.4951785177698254,0.3310980720871751,0.8264006660920508,0.7952419536471832,0.3874739739025084,0.32126466691463207,0.27388613749741675,0.2709363220064626,0.16913646366016366,0.07048755237792279,0.4777457265576657,0.8168731717531386,5
0.3378519290928049,0.4499139508837107,0.3314778918692371,0.340157695958205,0.09098876347239093,0.8545820285172337,0.4362446757747276,0.17759106714603912,0.2260019311452055,0.24911652155222072,0.6703532135959498,0.5083424162820591,0.6657485141998379,5
0.3041642840324262,0.4808643155680607,0.289697715842414,0.6816018206195658,0.1754029748521606,0.8796831284592564,0.004382763075076457,0.5532238877365364,0.28584471098280867,0.07187652867118749,0.5128976565260024,0.8133938583521135,0.42173472832755843,5
0.3398197046654781,0.4500232196028081,0.3281642917015925,0.6405240234880739,0.34261202494648735,0.19312981444608457,0.8993082864359172,0.5919223555962168,0.6682050551064086,0.5669050694072219,0.49278635129442405,0.3236419367572363,0.8022813650324409,5
0.3109589962662719,0.4664408446471986,0.3306920578373847,0.6952708149120693,0.1660636835879209,0.009576703171974343,0.9070521255950732,0.18807976281421657,0.610650605035185,0.9147242805076609,0.8594948800768911,0.18153416782325157,0.5963435528769204,5
0.3028524336506441,0.4981287731854563,0.2999135582564962,0.05490486021901475,0.7773248961497485,0.5664818743937239,0.017148463873168263,0.557547012677294,0.2406282504377373,0.5981291541477135,0.5560320503662269,0.34979354565748744,0.4091912208102184,5
0.3523831948602374,0.4341792553336793,0.3230301760268231,0.5088275684273834,0.9230796137559067,0.5902011104310546,0.15061314774823664,0.6251501961977859,0.33252858843545596,0.8980881956480897,0.19514629989351728,0.8487757503089521,0.4085198367286173,5
0.3223788220256315,0.4255743437047559,0.3269724434199497,0.8004510980048779,0.9676048827885775,0.3112235437971914,0.5771722219923556,0.047683681477162954,0.7890620220926244,0.5483369953933154,0.6663459083578551,0.33671177311945627,0.5177693686541512,5
0.3370278179555316,0.4287977709181303,0.3022186714165967,0.9549474579619023,0.1428579567045597,0.6528439272313702,0.8559559211828818,0.47969935411933695,0.3524215424052666,0.21103281132744228,0.7684806857087753,0.44219136815396887,0.5543881331191517,5
0.35112180026237,0.4243997049744584,0.3180794216261525,0.97781488213096,0.4071662173259364,0.5686084451713379,0.8527834090506343,0.016299806762282043,0.886757746906108,0.2876179232055719,0.26998713965062643,0.6213337023955093,0.4295829392247145,5
0.3043324699788085,0.4528642062993416,0.312565486169321,0.8631828123811217,0.8458507924017604,0.16470675149731562,0.6976357681499552,0.2758754969066457,0.45794604453275917,0.23077052693697284,0.5257209594650977,0.34289525501368573,0.3166800581889533,5
0.3559823741128191,0.4747725844783784,0.3302598491198658,0.1919008761020986,0.5108868822324362,0.7113185933535645,0.3806246983809094,0.3412068600960364,0.0840487142407439,0.10792773080585899,0.29831188399409025,0.6926551557738461,0.1800747687374135,5
0.3512731676141141,0.4684349987707269,0.3079814543168482,0.22423194616767572,0.5744307700520942,0.5831748324348366,0.8678537426194803,0.8343825561071886,0.7827995926398403,0.18478329317397924,0.9377323241007777,0.22599853940352255,0.1661727488071974,5
0.340105620774328,0.4608408227934548,0.3134299036043587,0.008096954230031983,0.14670031527491878,0.13177886012559537,0.2719741928877667,0.7422393864051255,0.8867078326539857,0.20877191539376644,0.6936459472631978,0.8781541030859275,0.30786404339214657,5
0.3504490564768407,0.4558964132542956,0.3081386211232187,0.48928255895516404,0.730290390996539,0.8412711952099982,0.3696805067258264,0.003449161547000257,0.4868829584176584,0.421265964185899,0.48773905134006657,0.3789888140703602,0.6332607906703788,5
0.326263917387063,0.4100855027726937,0.3311635582564962,0.21320301426185229,0.6169536037498473,0.5729825035842382,0.20411069461323483,0.7543712582315689,0.17508311449658337,0.8484995575438632,0.48272483510203207,0.22795002223452407,0.790601659701357,5
0.316912778768206,0.4686535362089217,0.325924664710813,0.028966496108376205,0.15476073973698834,0.5184068961860657,0.60455919776875,0.9173145628664763,0.4635339588324749,0.33457723215887586,0.5037675244651545,0.22570930070190104,0.31558528488726006,5
0.3441925392714184,0.4810828530062556,0.3157743084660519,0.3840212158058136,0.8127612331925335,0.4722813671640038,0.3021022354393923,0.9526691450427601,0.1899696191552325,0.6339240687368127,0.165317289571441,0.409275458266398,0.43424514350025295,5
0.3613138686131386,0.4655940120741934,0.323842204526404,0.49574027787798736,0.7073399087433643,0.2923696097584687,0.8846434731392365,0.4766327239135907,0.11988580583096207,0.7476546871188562,0.40812237529320905,0.7716539838594343,0.6418399467158646,5
0.3321840626997208,0.4231977490643865,0.3470505029337803,0.04684996873059122,0.06729744433002349,0.35272100215468305,0.4276233392845168,0.11124402992275173,0.7268697535821665,0.9011109787310384,0.6912176654500665,0.48546577025595106,0.14782387314750725,5
0.3214201621312522,0.4376758543447974,0.3084005658005029,0.8489195680622397,0.5567389725478771,0.947898826874922,0.6509229387360641,0.7989760553911508,0.8172198755573201,0.936276941752533,0.8306776873550235,0.5389675594531051,0.5299983372277715,5
0.3520131857781963,0.4645286420629934,0.3206202849958088,0.1704426342875105,0.04405447687561137,0.2281514307219824,0.4191884762522967,0.05008627531243881,0.8978772652286295,0.5232211916559989,0.7429613141179675,0.5805780114615429,0.6806723151340709,5
0.3203605906690436,0.4598847215013522,0.3131810561609388,0.9274218749339824,0.29887614302994225,0.7924773092337466,0.04586784850070913,0.8498054695798551,0.9103343893710699,0.88282476669014,0.45115197639776705,0.6623401661576973,0.5344310264817499,5
0.3478926300918294,0.461469117928265,0.3237243294216261,0.33326155637959165,0.514749725227718,0.609472773197337,0.6107896266073632,0.2961277617996936,0.6738444740989613,0.47806558579135294,0.25752823116946916,0.3491347631860448,0.4125888074156119,5
0.3358505163308553,0.4737891660065014,0.3063050083822296,0.2539940023389238,0.3881259412734581,0.5561542849374864,0.0005571951401310837,0.22713976767810196,0.2438809431910425,0.6513193332884292,0.5062772841428218,0.378930382280024,0.5790055383689825,5
0.3239597699216253,0.4435217308165105,0.3104175398155909,0.06998919976055284,0.8330303992383614,0.7005169865137016,0.8313419615338855,0.6695644821677814,0.543647241432131,0.8195075036417935,0.590308994328156,0.4620292731945912,0.24263689215142525,5
0.3327390763227824,0.4415548938727565,0.3590213746856663,0.03521605617781465,0.32730032193147884,0.8819496084947199,0.46656292163245616,0.32191923387468946,0.7067089907294871,0.4588542679405264,0.5188940296149371,0.2995161900012195,0.03832006335184691,5
0.3230011100272461,0.4899609364329226,0.3109676236378876,0.15805871296413976,0.9128799102819335,0.09388140396984723,0.36087359653068596,0.3160710338684888,0.4192734905262069,0.5098738841929786,0.16659301665047083,0.4308021920920502,0.422489871076888,5
0.3367419018466816,0.5205561777802059,0.1691900670578373,0.6372711755739873,0.9114522703181672,0.7398927212302466,0.9658303895214857,0.28488021428331745,0.5011995876584192,0.22975089004873622,0.8861955311507508,0.3740761929085418,0.32290470340768346,6
0.3126072185408187,0.5324937853416013,0.1488107711651299,0.7459753062562023,0.7128680300904396,0.05316353688034825,0.5738676934020593,0.8773474534109513,0.3260682899635124,0.8093756380642126,0.367398451977496,0.3873902664174257,0.7838029476094905,6
0.3319486023747855,0.5657661103067719,0.1602577535624476,0.030287275261336344,0.2273610037100955,0.5356305019429871,0.6080205164769739,0.5445244306958534,0.6625806553076738,0.532476853678917,0.5356348758754186,0.4702358428819843,0.058252370715812386,6
0.3128090416764775,0.5217581336902778,0.1851032062028499,0.8831391757824815,0.3792467857029129,0.6584395521477845,0.5447509112636868,0.8213793774702564,0.7774567416847333,0.9211861796653528,0.13177277395650083,0.6450158375855295,0.5152997159675422,6
0.3086716673954723,0.5549485071161253,0.1668325649622799,0.3908868776616603,0.9189320165511732,0.8474263945044644,0.7231056243761361,0.9158424798957838,0.7091649347345459,0.5767043824796183,0.46212493548567607,0.6515352629503789,0.8084383683079227,6
0.3466816912778768,0.5308274373753653,0.1596945725062866,0.662929558219731,0.29379860288132764,0.9592969282764884,0.3518444520076751,0.3467629772122899,0.1656797584371927,0.36990234457510296,0.5710384324133653,0.8518102515614152,0.22720027598652773,6
0.3274412190117393,0.5230966754992215,0.1765114207879295,0.6270705969236273,0.5003748826063735,0.9964316210448537,0.4143707580542725,0.9328752837784532,0.4107526086208905,0.6912303060823838,0.5899353364405187,0.7801777209166605,0.6005976380248643,6
0.3217901712132933,0.521239107274565,0.169923512154233,0.4506673749002069,0.22537451522559726,0.5356229642780048,0.6734075820228035,0.3003851789826012,0.5473601331724355,0.3343296305092917,0.24516302016116304,0.038459477492935525,0.7928764688193498,6
0.3169464159574825,0.5693173436774387,0.1744289606035205,0.5869458666800306,0.4370195117633212,0.02135916659538506,0.06489740483727591,0.37986063040160045,0.7506767836406312,0.3614340576672666,0.42086114618105264,0.8218503846651835,0.1411619093696604,6
0.3049043021965084,0.541426503127817,0.1440695725062866,0.7006720096633601,0.15830544419314796,0.9625618613090577,0.36300061175563914,0.10779959464121991,0.465709407075599,0.7627664032318261,0.8799042363163186,0.6017066279890005,0.4913031949054972,6
0.3022806014329442,0.5334772038134783,0.157009639564124,0.18669120027488884,0.920550992041559,0.8451601535041988,0.6620859721797083,0.05861325529058825,0.43341302920602787,0.49102245518637927,0.4684157881114732,0.9397254367341307,0.6157770418522411,6
0.3288876181506273,0.4939219275002048,0.1923197820620285,0.6421250334185737,0.022992792820962338,0.23483595030733362,0.06753000288117006,0.6708176689900864,0.6134019997105179,0.1913367306694167,0.5458930228933498,0.13932439974828853,0.6151200945890485,6
0.3220929059167815,0.5519163001611713,0.1792356454316848,0.8191975913679277,0.26133000189229927,0.9959853814321872,0.5423374928685497,0.849521859017268,0.5288281544139547,0.8366304712362935,0.21772313929180087,0.555542302702406,0.38948188850736043,6
0.3018601365669884,0.5125795612860928,0.1604149203688181,0.19670219398824418,0.7962960796318883,0.6307759274006051,0.07805799569945027,0.7640640133237034,0.32613925759781226,0.029808591502544966,0.4242532793795592,0.6446626644403471,0.3883705063643491,6
0.3311244912375121,0.4586281312317316,0.1653394803017602,0.7641405088336078,0.3779690537314304,0.2656087723308034,0.07495139037149767,0.6027295672399386,0.7023028980599224,0.3509505772825994,0.28310589496217714,0.8268944579209021,0.7184221930723625,6
0.3201587675333848,0.5182342174993854,0.1698318315171835,0.2990750798143371,0.23365044773131827,0.44887585071996405,0.12850074084434726,0.6596972628099442,0.06765768348521391,0.5207704664979929,0.3430987331906784,0.710005831924224,0.5966059020059761,6
0.323068384405799,0.5271396181058268,0.1684959136630343,0.32408009287904915,0.2938410356732504,0.4326492850037412,0.4343384662764238,0.43499606817636893,0.5817228612403816,0.20737321789062949,0.49823689998125853,0.632911037560613,0.3068259830288963,6
0.331259039994618,0.4994673149943999,0.1826802179379715,0.2539153631202703,0.7530850646241103,0.8957039947869322,0.5653892158844745,0.7216015888723595,0.4037016354646213,0.5169910726278176,0.24242326083930596,0.3724445828482151,0.600054350548798,6
0.3299976453967506,0.5571885158576229,0.1664134534786253,0.8103464901995043,0.28586470085676763,0.8692405370524049,0.56938734380339,0.635386046100592,0.23692882287529704,0.7636932205575974,0.1112051049874315,0.26582503001995894,0.757735485952782,6
0.2850751791180328,0.5527904499139509,0.1400487217099748,0.5530904412625045,0.8845381900993503,0.49196227195654785,0.7097204185773073,0.25930779464386555,0.4769938732115064,0.5598005117616969,0.39735391510271106,0.5759625796847879,0.47085428722011496,6
0.2995896262908271,0.5021443986122872,0.1484047569153394,0.159884761225202,0.539213349523151,0.8248029284134092,0.14436143277357893,0.7252552153462711,0.5523234801660636,0.2708858365152463,0.5383462120368273,0.525007201943226,0.7087122224320686,6
0.3517104510747081,0.5507416614308739,0.1738395850796311,0.2739102409931785,0.11145309403962889,0.8098011224840044,0.05801787000317127,0.41966483293995926,0.8196260327656281,0.5665334657437191,0.5078062974191375,0.7741139975817096,0.7257182434247788,6
0.294073127249487,0.5239161908924522,0.1647893964794635,0.6557247899486898,0.7024624946098211,0.7659478390492314,0.09946238930415097,0.13100291359507876,0.6408109752621888,0.40204805763479273,0.3799180053948914,0.32572602737376555,0.7897635815956416,6
0.297554576339601,0.530499631218073,0.1823789815590947,0.30618324912320416,0.8428544940209691,0.8954530953005463,0.42219038541406795,0.2818102645718572,0.6474374185037631,0.6695404070212247,0.45700297493487435,0.46504869480768923,0.5382261208055703,6
0.3020283225133707,0.5098751604884312,0.159026613579212,0.6146490167056731,0.42974535243218437,0.01982146466974488,0.6080936582182557,0.9283831355160802,0.510617847071603,0.38888114387026734,0.5327130486131193,0.5939256655723602,0.7160827527546472,6
0.2971509300682834,0.5168683585106674,0.1659026613579212,0.6660462978415574,0.7246265575819668,0.0712459536841974,0.6133216779260051,0.9408353537951932,0.7819002567337354,0.43275329788716943,0.8592184110151114,0.6446231941922518,0.29802074780076476,6
0.3187628241784116,0.560002185374382,0.1449470871751886,0.2717876266900069,0.320607915060382,0.2501833179850478,0.5980162764637188,0.34460650873214793,0.35293113064084,0.19719689556401165,0.6521738681743358,0.718246772745789,0.411952299525918,6
0.3446130041373742,0.5475182342174993,0.1829552598491198,0.8487989533667465,0.6763069090309096,0.5450017239102053,0.7613505838551574,0.20791001166835932,0.5462487526241415,0.17210752300884138,0.11702415304146789,0.346159723537455,0.556364659210593,6
0.3222947290524403,0.5706558854863824,0.1651299245599329,0.25072416280240595,0.42358363845317837,0.39387249704551797,0.4396775913055869,0.9871378422882722,0.4138457058735526,0.7066619303603784,0.8882694731549129,0.21384962960194273,0.4304806496655418,6
0.3462275892226445,0.5072253940503182,0.1642000209555741,0.3239790274223281,0.8485518735745167,0.8336801694829157,0.31696411622651066,0.39299048514037227,0.03711358588144589,0.6658761541472684,0.5614913622962187,0.13855008557296794,0.532141489687964,6
0.1883009855696457,0.7501570737837024,0.3391659681475272,0.0226289686240706,0.6950398754758546,0.4847464819599455,0.16947163566769463,0.9027201908617364,0.043970281398082074,0.5377506186706381,0.924645230291619,0.3715641828604669,0.5786798401188393,7
0.217313061320596,0.6955227142349822,0.3483340318524727,0.4486537780941814,0.24181503827798212,0.47558618033221167,0.17044000384460534,0.24070276097576393,0.4457343961708129,0.6383658603528527,0.5907660881481616,0.16392417563369446,0.3049069479210331,7
0.2389417740253624,0.7892752752205862,0.3528132858340318,0.645601814303082,0.656154527881763,0.1052456464029845,0.73607796912263,0.7718434345655542,0.5084784963276501,0.39251935947257866,0.3047310252188086,0.9034295959184296,0.23845366796470396,7
0.2312724948703285,0.723495506323927,0.3210655909471919,0.5375096664832072,0.6088454751030641,0.6104936511932131,0.7758065772107615,0.7127390948783744,0.4829113706881858,0.538209855838552,0.8500358438443363,0.24053265770189758,0.672722532063797,7
0.2294392680547612,0.6943480755046849,0.3253221919530595,0.7853742617981513,0.5165554358188564,0.4684544447209462,0.14116960546361168,0.6715445851193338,0.35036847955269373,0.1206646635812972,0.27410546139333947,0.747028861293126,0.5718987357482498,7
0.1996535369504523,0.7284125986833119,0.3379741198658843,0.6418975448002354,0.7709666027174191,0.6471262443371469,0.4954345904324664,0.05780498067189743,0.5806594502234977,0.38166265233762264,0.05707151112816928,0.5594122178741715,0.08281295045483625,7
0.1870732281610548,0.7357062856830661,0.3259115674769488,0.6494886560415266,0.6752854449395481,0.13432950236258367,0.23554688004738644,0.46361295163579097,0.5973146371536115,0.37223138682514206,0.8268549419451862,0.3030351576446128,0.07782744233408567,7
0.2253523495576709,0.7825279318163192,0.347155280804694,0.11713503900051014,0.9942381538009021,0.07360439610988823,0.6998427269344791,0.872435590978297,0.9781121299903184,0.7439733676894437,0.7854600384183203,0.7264936509243282,0.5953050983318244,7
0.2271855763732382,0.7516048843117435,0.3412484283319362,0.060703561461801225,0.4790959718418438,0.44122763035745793,0.9769071235861055,0.9611680403277428,0.38242524194463356,0.2279681195133777,0.7501315705926493,0.5051892327639297,0.5653413564658741,7
0.1971475663493558,0.7396399595705738,0.3000183361274099,0.5836049482978632,0.7498742547947559,0.8671061975707721,0.1069724872750285,0.11105570161009914,0.10122378886668444,0.4329501651184577,0.8157661749193829,0.9074605247307727,0.40335364437041005,7
0.2089710383800329,0.6874368290217718,0.3424140821458508,0.6403905047195769,0.9070976888553152,0.7100162480536198,0.912914606727942,0.1647924075295093,0.6864088949486629,0.16255110441812942,0.6492264329949138,0.5414973646790445,0.07176748815153373,7
0.2223418211174274,0.6882290272352283,0.3226896479463537,0.2749021598445811,0.18902910874069656,0.5398015693486496,0.9564434918440554,0.20021447191749708,0.3745699908747791,0.7048371222393671,0.15531166717163225,0.578022957626726,0.8158839024197011,7
0.2312220390864138,0.6798972874040483,0.3314386001676446,0.44601607933914533,0.46726035015793443,0.5464116464658663,0.29965389264740916,0.44642673259073185,0.8174933475916814,0.5212657105305103,0.775268874941418,0.46987204383019426,0.5758842416098906,7
0.1872245955127989,0.728194061245117,0.3370835079631181,0.0005499522717316019,0.002914087932876064,0.5261825416628004,0.10483121843936172,0.6099099770757163,0.2526049253850533,0.7431513338613641,0.10635525430277139,0.8093324852536311,0.47160458323314364,7
0.2218036260890039,0.7314721228180403,0.3453216680637049,0.4108073882832888,0.4312765157020291,0.29745937259094213,0.8627550137910506,0.3440096463328959,0.710099044992727,0.7507969598271346,0.3566867898135997,0.41071886045303313,0.4706594930104177,7
0.228766524269232,0.74086923266042,0.3103782481139983,0.8647990905704636,0.06606870424656686,0.6328422968720778,0.18496893525577318,0.9249302065327518,0.18670835278745876,0.774029168728479,0.7799419689034788,0.9109266882600104,0.7195506762178178,7
0.219566753002119,0.7163110880432704,0.3290680008382229,0.044133427311960904,0.8324571419822491,0.7668519424836473,0.3983464279697587,0.06418573653069293,0.24311807067590013,0.21112269489038288,0.35649047873524287,0.6294521645248471,0.8358539034715845,7
0.2281442362676174,0.7158740131668806,0.3365596186085499,0.7072191034463253,0.7250408824737273,0.791365412851641,0.6788588713272703,0.8212814607516061,0.4398054467541311,0.280544285878981,0.17013198124641776,0.45848895597892636,0.5038425037838852,7
0.2198863063002455,0.71248668287486,0.3452823763621123,0.39762233383168033,0.6480705515229542,0.9033095892344974,0.2919221584765457,0.22687218225066685,0.5184569229834863,0.9802321286399303,0.7189458176970406,0.6260007018663105,0.7436808802707643,7
0.1967102828887617,0.7811347556478269,0.3320410729253981,0.3032991606153549,0.0178634241649952,0.8414942616655816,0.17475205056323817,0.008546077615483316,0.5058804248517531,0.31649766431856924,0.7109158997346788,0.20604521204207107,0.7712643706928296,7
0.1953816139123414,0.6793236266287868,0.3315564752724224,0.2621621434787301,0.46998594784666325,0.9024963971926409,0.35098426745164424,0.8650274188234053,0.3616107882414142,0.9826750266792964,0.31127980517469456,0.658715880333695,0.5762610803330465,7
0.2067509838877863,0.7463599857950665,0.3330102682313495,0.9305158479108404,0.9880096471499809,0.5857522410812257,0.6567824182316087,0.5523461379528316,0.2026052730123963,0.7152514139631098,0.4227586405965685,0.407872423524822,0.8852237093637721,7
0.2352248646103131,0.7483268227388205,0.315525461022632,0.7885669276351089,0.6874916279599714,0.10363320556901834,0.41012683082013546,0.8534704727204548,0.5477141254220254,0.4745098137288646,0.6267085567595971,0.4185260583198449,0.04887835821299546,7
0.2088533082175653,0.7262272243013631,0.3554196353730092,0.4212596535029616,0.7885646798285315,0.8445913864918744,0.7724500302043694,0.7272525679850225,0.33170457521690266,0.3509187908024535,0.5889768187881401,0.3744051123143428,0.4170835996865475,7
0.183389955935282,0.7613024831316415,0.32258487007544,0.3330557570044247,0.5023278415273661,0.8369178258221227,0.43517341123301556,0.5745068603144675,0.384975766695602,0.7491859887324929,0.632896030245699,0.5062087588553559,0.6382026260909431,7
0.2183726327828046,0.7464692545141639,0.3346474224643755,0.049694833185006115,0.43745698868991123,0.49995030888562586,0.15798397285475263,0.3869394123566776,0.5624668242264116,0.2018543506068702,0.5033214291346526,0.9532825900296462,0.49826913822177005,7
0.2134279659591643,0.7461141311770972,0.3249685666387258,0.07660649168017131,0.9681808584508976,0.1400323562294793,0.718253684545712,0.26704579107958093,0.3909180849271619,0.7595505862819606,0.9507133839733931,0.8394164452533939,0.3736049115079833,7
0.2353425947727807,0.7137979075040293,0.3376466890192791,0.9807349615115626,0.8609384268929652,0.5320990815477477,0.24310390404124915,0.09512079828888842,0.18608654180894602,0.6839916444935759,0.6583721356033252,0.34524836011078885,0.41418990625159025,7
0.1822126543106057,0.7265823476384298,0.344444153394803,0.4265319845500165,0.33511420901448796,0.21362008438011237,0.9255718444806788,0.616253975281095,0.09282706323766163,0.6403174774359991,0.39386385736356216,0.37293258684093117,0.03110762572589926,7
0.1947256887214503,0.7447482721883792,0.3446013202011735,0.11737743854794769,0.46447677528749975,0.3268086637247355,0.7923586230194708,0.5737329947999181,0.39910388295064825,0.915914580965671,0.9591194977958657,0.550349082071767,0.5146662878635702,7
0.6069494433045175,0.3869205343240364,0.7065826697401508,0.017151638749234643,0.531199624319076,0.4803405675327401,0.26087744467638896,0.4364268312973588,0.5865135634858613,0.6863168504622507,0.34095462448300223,0.412499251945731,0.4520691490713133,8
0.5775673584715261,0.4102767230311142,0.7347417225481978,0.2606647472736118,0.13252566301882984,0.29694181655378005,0.9937659709668587,0.06076051180085551,0.4646603775873357,0.8126019504696993,0.5842526778005983,0.5807604087623164,0.39794251294411565,8
0.5754313969524706,0.3755839047176769,0.7117953688181056,0.5715920803425513,0.8191906573637822,0.8647532133186486,0.4608499820806202,0.7118095485360382,0.41568202920403263,0.6841656588887718,0.5273530394862754,0.34036178948547574,0.5410831113534718,8
0.5733122540280534,0.3956347146720572,0.7022998742665548,0.4747305513567829,0.5676484353567272,0.15270791580996335,0.8207249853610887,0.8025781263793843,0.27113736867058347,0.5546428118479957,0.8019051518165853,0.31404739386836095,0.5260577399365699,8
0.5740522721921355,0.393340071571011,0.7045656957250628,0.2673791287511599,0.608241796337174,0.20350297917589266,0.7903007836592129,0.1321237837790582,0.40773840299912695,0.8331669624787252,0.42006043716064395,0.8278002447882207,0.2888716735546168,8
0.5761377779272764,0.3946239790204059,0.7038322506286672,0.19697842070876936,0.468948716885198,0.3218815085058988,0.43897810088989664,0.12221597407838147,0.4905988133406104,0.04124374216535157,0.341447660292154,0.43082464957595534,0.2744958915330105,8
0.573211342460224,0.3971917939191957,0.7147815381391449,0.7047387500514702,0.16059158532147189,0.09550208363164658,0.5389194192983293,0.8267841750613144,0.9075137337759291,0.2023051642586669,0.6674126634679075,0.24532963329694488,0.5093008309030891,8
0.5837229641091191,0.3762941513918102,0.7062290444258172,0.6608767274696429,0.7293198374151496,0.26027322626314464,0.3637462154245795,0.5999156365072394,0.47475445638082786,0.08585013167248504,0.2413248546363807,0.09498891572768775,0.19330191904988075,8
0.6143159877560631,0.3609692135383943,0.7317686504610226,0.3065058035392413,0.36693313819101914,0.7722013924917421,0.08455047671564953,0.6462924762821077,0.7691959712488601,0.8685264475840297,0.33846374745556523,0.4965125384940203,0.6310103946833049,8
0.6030475293484476,0.3365476548201163,0.69543692372171,0.29528680984225897,0.26421557710103805,0.8106715934848863,0.8224016933725011,0.06583418675141228,0.368979642699431,0.21918078317236347,0.48332282514298136,0.07189023923331385,0.4335194057414277,8
0.5672911971475663,0.442647581063731,0.7013044844928751,0.09156328077825271,0.35933300472808427,0.44152837510475174,0.40600138053715384,0.6447821122152182,0.6794852472487092,0.5173723012858601,0.19302311611295728,0.6156070507009352,0.5661504159335216,8
0.5689562380167512,0.3509984429207528,0.7122930637049455,0.37267838138128195,0.23034364590504375,0.9757848806548369,0.9959824386585732,0.8147212327508773,0.35090746904112163,0.1295971581040434,0.06414066404321757,0.09706319842277028,0.46006588967174167,8
0.6041239194052944,0.3915917720654519,0.7190512363788768,0.8447254092881348,0.9799383758057073,0.7856796535538049,0.5639872185687265,0.04989835403720533,0.8148683653030137,0.5285483913397008,0.21953831261688087,0.5383395770110286,0.9442611617913736,8
0.589525379259309,0.4148386920534324,0.7154625943000839,0.20604003904585655,0.5923103417350887,0.492114621476476,0.8464822152130277,0.01285716489489308,0.4551919388980095,0.6206506707755256,0.667788919695811,0.3653049535141934,0.27235091426202207,8
0.5983383228497426,0.4046493839975961,0.7072113369656328,0.4212731719772572,0.07753967308220955,0.2810273165062367,0.3767006697338764,0.734639070797433,0.2710764296239286,0.18194409954926316,0.5072691644937912,0.5542233667574689,0.13014819001318118,8
0.6001883682599481,0.4036113311661704,0.7071458507963118,0.7552380131705877,0.6966561856022655,0.43599888822024946,0.5218848853439285,0.7464090960645662,0.8491266839572713,0.7212461503840871,0.8528229714216502,0.5557833174219133,0.3065859829039363,8
0.5784755625819906,0.3926298248968776,0.7301183989941324,0.6955654882858665,0.18926247047738098,0.8619920860409518,0.8136690140679502,0.7248757436830062,0.7913553870351822,0.20395872969963366,0.6450607170648633,0.733557036401951,0.4878858575266307,8
0.5698980793164923,0.448493457535444,0.7114810352053647,0.6479225528487296,0.5427254548115209,0.18235002844286574,0.07617196382585945,0.08808609177189197,0.4996809557074805,0.6604177448577536,0.5286235143932442,0.602915956981701,0.7358134202888396,8
0.5759023176023411,0.3770590324254924,0.7181082355406538,0.04041685153560859,0.2242669749305516,0.9946497956132244,0.5786974269181132,0.0007798362526502123,0.33682407487747934,0.7248645564720017,0.4555587517482794,0.3014988063334295,0.12660893651316327,8
0.5544922466278717,0.3583467642800557,0.6970216890192791,0.837867831811346,0.05513729720508387,0.41198434916679827,0.5706140229915273,0.2739790952360943,0.6130898053215623,0.666670970740367,0.6352390211796702,0.771185831529069,0.5211332268204316,8
0.6081267449291936,0.3997049744584369,0.6870284995808884,0.8643372856204989,0.45884639709710207,0.6141205256175585,0.8943086379267414,0.33322497885018576,0.8673088552244096,0.5024024326701368,0.22328023981896022,0.9072134641582419,0.2623843329148676,8
0.5944868646775875,0.3548501652689376,0.6971133696563285,0.776808947793188,0.7541643891894445,0.5342706752578984,0.31721032771438584,0.9915651429214974,0.29017922158591725,0.6300351545260509,0.8634455238593971,0.7749997145750754,0.7331723696350819,8
0.564230212923408,0.3725243805829485,0.7090449497066219,0.4504110548786395,0.42561518689540945,0.6163245248997182,0.23487286127008933,0.4615165269505762,0.8362948608832945,0.27782244616261415,0.45668030215876837,0.3733168944373439,0.6962062363824616,8
0.5939318510545258,0.4364465812549512,0.6961703688181056,0.2783692395731897,0.5546250205667895,0.14043858746596094,0.03097443824422097,0.6961905535536581,0.45936951471324783,0.4117011282474695,0.4524812694845801,0.26007905242120394,0.36219987592031255,8
0.5830334017289515,0.4202201764689813,0.7035441114836546,0.2439777928662724,0.01319535804271943,0.1521394087650102,0.7947201849605271,0.9261648736203203,0.66450316303071,0.669524437398597,0.19428708861555302,0.6545957618688566,0.6797133441394992,8
0.5935618419724847,0.3692736361897997,0.7069886839899413,0.959009905447399,0.4002427317778686,0.4526068357535322,0.5977282676146599,0.929377456048978,0.5680652687210938,0.4915380244852981,0.2700384899509122,0.32723453677480246,0.012924253625123326,8
0.568350768609775,0.3767039090884257,0.7222731559094719,0.7442620731031655,0.8313691767630011,0.09452922685265708,0.5452862291295931,0.6696162608838436,0.4559718416057035,0.7219261134859981,0.4403165624287964,0.14666525284022558,0.5246784114719781,8
0.5807124356688754,0.3521184472915016,0.7107868818105616,0.24572456384281027,0.3838585118577654,0.07580523740174583,0.7586532682005036,0.5468045131910844,0.7293267021983083,0.752823733959889,0.21996391798385656,0.11096182006422325,0.5706986955318977,8
0.5838911500555013,0.3838883273690824,0.7237400461022632,0.11975106749039766,0.755855335713265,0.9484872943907224,0.47739501576947374,0.9026953399196306,0.6295052980098386,0.3487066999756561,0.4206654019312917,0.8542972646637341,0.21423078851459756,8
0.6260890040028255,0.391673723604775,0.7101320201173512,0.6023573316650461,0.3557718172143538,0.46470282124189755,0.964250687617863,0.8712470073613664,0.1595423304216913,0.34228050698741824,0.38541326544284504,0.4721283040405086,0.9383028625394986,8
0.4406976353055938,0.74450241757041,0.3024544216261525,0.43307035856725196,0.590309670480646,0.33446886014385924,0.8479718090894289,0.8283938417798101,0.3643895068247593,0.35474675353057233,0.20961998701675208,0.6788410695727642,0.362872096657275,9
0.427881866191261,0.755347337940831,0.2965082774518022,0.3385357599635206,0.350857912988661,0.948543444204104,0.5449224236062192,0.0656134651446123,0.21380320256299515,0.19297566722313844,0.18801469049033812,0.28286585263508646,0.32745399027273997,9
0.4517810891721887,0.7552653864015079,0.2838694467728415,0.13919296727088526,0.862385528509713,0.9291002067601173,0.1327917569121857,0.8414710305849991,0.5291328246928172,0.8941043926820269,0.22478455519958326,0.20329453270745115,0.24775606862228264,9
0.4321201520400954,0.7113666785041112,0.2802939019279128,0.07762118660700212,0.32729348594890817,0.4369355450332407,0.8903135193775262,0.4537367071107129,0.1781797887238449,0.5223028453833145,0.3689289405078422,0.3499832894670509,0.38897161896118015,9
0.4377543812439032,0.7481902368399487,0.3008565590947192,0.37992057582462635,0.5180877637763417,0.062804143249653,0.48892732658732585,0.2358791735259982,0.36939681508278616,0.7100948212831693,0.5735993317693471,0.5995457451546967,0.21032572145574518,9
0.4327592586363483,0.7210915945037834,0.2822977787091366,0.15668556499747055,0.05764423040444833,0.8932670664673267,0.23522175416721225,0.6749605961302543,0.6851359529960084,0.1364001725617822,0.4364275733622482,0.28153482378435446,0.1617247621880635,9
0.4476100777019072,0.7632693200753954,0.2971369446772841,0.3999660368142609,0.3962544267659829,0.82659953692761,0.25239848460867176,0.45200138767880815,0.5040176473808015,0.5125159964020596,0.8914307154831294,0.7738731154211245,0.6437679253892169,9
0.4371152746476504,0.7830196410522577,0.2721605196982397,0.44640793954188374,0.7683958306287259,0.9168248403705441,0.39063222460267455,0.04509271218427369,0.2910949638763119,0.7675249044835825,0.5882003214875099,0.5419872635598282,0.3140795541614338,9
0.4251908910491438,0.6984183352910645,0.2908109807208717,0.0699915796545646,0.6568831202800619,0.7117867252745468,0.024714443113510343,0.9743265839815078,0.8441232521102541,0.6578335720163921,0.20761079586541714,0.5766223007356959,0.6489345237650243,9
0.4074304551111709,0.7229218455486655,0.2778054274937133,0.547305606923994,0.18514806323844757,0.02023233230239907,0.3828657605792469,0.1669092311357523,0.2111271774189138,0.7410862546361127,0.2099441106216427,0.6624105037517269,0.7012861476538241,9
0.4229203807729825,0.7062037315267571,0.3184461441743503,0.9159020963348787,0.14518005318874694,0.6930807480121253,0.44088604747033644,0.9258275040286125,0.5984672243099793,0.5920853069724158,0.14973023347462297,0.39374390116725555,0.519480923536267,9
0.4460123112112751,0.7303521184472914,0.2686897527242246,0.4828807266438718,0.6484255841649464,0.9890848278918981,0.3678399434212335,0.527342422938761,0.7287648366122441,0.701984003892262,0.29491209464649615,0.8486316239631561,0.39633118173627085,9
0.4308419388475898,0.779468407681591,0.2873140192791282,0.45800692182341407,0.7383088323421261,0.24689203895806622,0.09160958561529808,0.7718210975776724,0.4902786760027547,0.36066653287250056,0.7470919140305854,0.5675593351926621,0.2148168521716977,9
0.4622590736318073,0.722730625290245,0.2521741408214585,0.6096757963176387,0.46942771134146866,0.44568660988315434,0.8597130499621682,0.3081086537995692,0.3413393094958469,0.11803025741115729,0.4063021749404686,0.506673432980115,0.3072093082431167,9
0.4204648659558007,0.7514409812330974,0.2942686504610226,0.2715713353858391,0.843673650162114,0.3092041027852993,0.8274895270916623,0.05541123761764355,0.26764826735357944,0.20424659900281614,0.42741853499853083,0.7612385914123021,0.46565143649761603,9
0.4563052911298731,0.711120823886142,0.274007229673093,0.3217713987361991,0.30846658657544535,0.8439529918927475,0.4430738472221307,0.9946616873437983,0.09019465701328494,0.5728515421803441,0.35823383387429514,0.7609306530634381,0.2886732733440451,9
0.4506374247367889,0.707624224875024,0.2715711441743503,0.7637052225166666,0.6940019893696253,0.34524458811635383,0.5384248127564784,0.5611947741341424,0.21652008279344426,0.6779289879127725,0.16589050775199662,0.35025081135153746,0.7792343256401877,9
0.4584917084328433,0.7109569208074958,0.2981716261525565,0.4551051703221982,0.10928838461693802,0.3191584884895995,0.50783499810869,0.291066289887846,0.46052647333322666,0.7176314004057787,0.9304650646351749,0.4451493895755535,0.7582037667532676,9
0.442379494769417,0.741770699592974,0.2833062657166806,0.5618144855406058,0.2799747046531942,0.8300379519579738,0.19261595541655863,0.7073915145435968,0.6773041279045037,0.6319476072205282,0.500280886208503,0.5374645076994006,0.811519836998435,9
0.4662955363449829,0.6966700357855055,0.2958403185247276,0.746303508850882,0.955763272349844,0.7866445206071353,0.5195548863450133,0.20564773155373728,0.8549377603047139,0.8388738280373949,0.7283583854552,0.3705377585572337,0.9070255372984938,9
0.4634700124457599,0.7339306689977326,0.2825204316848281,0.04592959154082821,0.5706557690159179,0.8386240342105797,0.6426713750638394,0.5765590831960741,0.8159802324658629,0.33802014895124705,0.3900996943907819,0.3617812829348752,0.7011367149775338,9
0.4553129940462174,0.719698418335291,0.3021793797150042,0.9148496194981857,0.7233336641229254,0.6559307192473035,0.8801406697754652,0.616097077290974,0.7478063623868583,0.5721171207276291,0.3696745542872484,0.6587304168870073,0.2986612201087492,9
0.4648659558007332,0.7209550086049116,0.2847469614417435,0.9363043740307511,0.01007700104699727,0.7582357624895819,0.2692572321616211,0.9785193987653961,0.3310168481538258,0.8507045219672575,0.3681167895787396,0.8305260085667765,0.3231101903002981,9
0.45100743381883,0.7445297347501844,0.2988526823134954,0.8916491617224922,0.8144663790003004,0.8314442413797289,0.09290843091872603,0.00452104515494034,0.5249443325281274,0.17494533988971106,0.1862801132274418,0.18987461961301022,0.5975953795565683,9
0.4390830502203235,0.758461496435108,0.2858995180217938,0.3963478119042846,0.024393633291143746,0.9713681940827128,0.0838983736915685,0.3320745121077081,0.6029801591944547,0.26535665337404957,0.2084703505176419,0.5490187354100479,0.45203097352931365,9
0.4250395236973998,0.7365258010762968,0.2871961441743503,0.2760718648799898,0.5350647387605676,0.8169918919883534,0.06758392056674278,0.4172556429867941,0.4917903020762824,0.728766701576042,0.9057663279228111,0.4907318624976431,0.7643552228034651,9
0.4408490026573379,0.7321277351326249,0.2772684409052807,0.12340933672078025,0.6048547516203997,0.5362928597164055,0.1315671562916091,0.6937142431231578,0.9445457645809217,0.24095615598935902,0.14415448224012065,0.9450889720313466,0.12048552233928393,9
0.4695078879208852,0.7606195536372824,0.2992586965632858,0.1704566376978356,0.15768985872869967,0.7764330722472288,0.13127681595489227,0.6085363208511892,0.6268427945105157,0.7935099554072683,0.7232115347769358,0.11420142993313052,0.2995637835498541,9
0.4039153688317803,0.6985822383697107,0.2905883277451802,0.7236920433794192,0.10766749451407065,0.8652870828129031,0.3082648969641295,0.5763218745921372,0.26753181425110334,0.46567304159335005,0.563138515222526,0.6960894248354719,0.1669720176679803,9
0.4275959500824111,0.7007676127516594,0.2873533109807208,0.3805826054980579,0.9858062731577434,0.8961076511386173,0.36532017539816186,0.32215121196154217,0.8597419081465575,0.1995418528175274,0.7160850005837883,0.2568459207162085,0.539569915737239,9
0.6422516734501664,0.2588302783620618,0.972155280804694,0.9130254750047251,0.8785042209142275,0.821125386556558,0.9135815472366853,0.9902869542172258,0.3060210354061787,0.6728618341805178,0.47291842035273624,0.6861480165392447,0.8305229016111815,10
0.6664872683238587,0.1643674707023247,0.9485802598491198,0.24271115003597765,0.9415481385745892,0.5714706376167686,0.5200007596275286,0.35948433721450246,0.33100669454668563,0.6136257254241684,0.15916955082801557,0.24571492556695387,0.7644541186646716,10
0.6482559117360153,0.1613352637473707,0.9601451173512154,0.8039337508733719,0.6920256725748865,0.01222654918073951,0.9067146907571184,0.4987765975335523,0.2553112390377646,0.46015739235531966,0.9073596956789888,0.7703413855552175,0.3224169663515627,10
0.6720205859598372,0.2129647335209113,0.9541465842414082,0.2402967040973759,0.6060575041307498,0.4281884625333813,0.3484219478528291,0.383314673671201,0.3953128814136398,0.5183221849698019,0.5216742114475521,0.6088460797480981,0.6507330735322299,10
0.6487268323858858,0.2214330592509629,0.9842047359597652,0.9536462613350395,0.19416546602512197,0.5232599331797919,0.4574654691168868,0.058688570905361837,0.7322710651641895,0.5499450015464066,0.7760687609599319,0.14540463024864272,0.3165048555906694,10
0.667008644757644,0.2466468161826972,0.962515716680637,0.5423316469456624,0.5633617387314964,0.689758773629181,0.5836111877769936,0.2503743713190022,0.3842416492426189,0.7937064232809115,0.4431536541945526,0.5650980653020067,0.9510825316660988,10
0.6677991187056409,0.2101237468243778,0.9428436714165968,0.10464966193533443,0.7909353637666692,0.852787247641039,0.2915611248217975,0.38042840681093837,0.4666850281677675,0.4146483841619694,0.801690822752788,0.7088764036476803,0.18142322988850013,10
0.6657640687544149,0.1938153904990848,0.9521558046940486,0.7773182874990493,0.4814310256620643,0.7643732033862142,0.9067710254103898,0.42715951073126723,0.7256025894834613,0.08453137181939173,0.1933029311846481,0.21952858819362814,0.7858758888105097,10
0.6548151636449258,0.2517278116207282,0.976058256496228,0.9567348230416747,0.2722098438066335,0.1731995692737177,0.24225271808541737,0.12233358924468796,0.35142680008655236,0.05156866129195308,0.35797542471468524,0.435206812951884,0.2119058325385454,10
0.666790003027347,0.1920397738137514,0.958547254819782,0.5971440562414256,0.7966729002359622,0.9883778668715818,0.444323899919414,0.8236753035037269,0.5816229603463708,0.5862144883325832,0.3941960314007821,0.07870854747186411,0.7443206483576162,10
0.6526119277473174,0.204906165487475,0.962083507963118,0.6792923685642726,0.4424682263585866,0.30895631098583454,0.401903710372419,0.8147367170392739,0.6002783650519792,0.8173466964595151,0.2746021711925769,0.2132814965882343,0.4440197525541086,10
0.6570856739210871,0.2022563990493621,0.9665758591785414,0.29229782983048247,0.23276549193183138,0.20282712573340456,0.3513577369447989,0.16180875162667163,0.5763981705684631,0.06667466656455841,0.5961116152519973,0.5529794607870736,0.26493256919433317,10
0.6579434222476369,0.2033490862403365,0.9607344928751048,0.2663259924066649,0.015350983958863473,0.7906834889577777,0.31952057701574754,0.33082291218307924,0.21375844415720777,0.4925448640792198,0.2929150763942942,0.39148472375532184,0.5011811699032181,10
0.6563624743516431,0.1734640915671866,0.9525749161777032,0.2762759058122646,0.10242163397331383,0.3218800371361312,0.4650543383868839,0.9604528121045227,0.654462753433268,0.4004371808791528,0.34585376130712864,0.2718176050832368,0.20382419580269637,10
0.6579266036529987,0.1461195946130521,0.9705705155071248,0.32353336563436863,0.41466947669790843,0.39901118247624623,0.4648308162337812,0.6166555629587759,0.2656117147414956,0.21052091547948787,0.6479594699294401,0.5561766371204748,0.5915881620333061,10
0.6784452891116417,0.2259130767339579,0.9667723176865046,0.6667439800624313,0.3098469768214295,0.3952618307579674,0.6534733102725585,0.7639558825076743,0.36722207939258966,0.44675160440597017,0.8772318478028657,0.2791825421140608,0.3636035703513279,10
0.6844495273974907,0.2315950501270248,0.9708062657166806,0.28925037611740345,0.02634514640421881,0.9826131131980167,0.5946352142565731,0.5213666639317508,0.851922765279966,0.6341980111539531,0.6990507258792849,0.15035800426929832,0.7480181708437066,10
0.6451781089172188,0.1972027207911055,0.9551812657166806,0.3752408500288723,0.7565387010204889,0.3834830360083721,0.9765556028156136,0.3611523039912562,0.43311893151200437,0.5322342119074122,0.8566671334795892,0.270069286892295,0.7572717938225703,10
0.6652595109152679,0.2418936269019586,0.9607213956412404,0.9414735593909115,0.03496449344987573,0.3827724285007511,0.4512198309423492,0.4997313632842041,0.2684935162255062,0.13042646954441672,0.6298966312685199,0.46112918957969157,0.6600769951598975,10
0.6523764674223821,0.2390799573851995,0.96345871751886,0.16057983161308342,0.7211370523857397,0.15091926956079005,0.1423012956491866,0.9010413760472622,0.6817887433474787,0.25950997995852665,0.7062125135182281,0.15945379392332248,0.1979679761295933,10
0.6597430118739278,0.2047422624088289,0.9769226739312656,0.4380822198007548,0.8752348556438238,0.3565443154454593,0.893464603363766,0.08567894665735576,0.8052230525909709,0.28168972744253373,0.5803629481415974,0.24040928151951568,0.154851667855815,10
0.6385852198190318,0.2538585516431283,0.9756260477787092,0.9186407628224363,0.9691512640838318,0.6573857549198153,0.19802943496270142,0.962227991466964,0.1450460984021001,0.890454576596423,0.5218324007053692,0.7509725761275274,0.25896168092417204,10
0.6715328467153284,0.2025568880268801,0.9519462489522212,0.2692574011632093,0.573584798010323,0.47088518062787466,0.9554311348483709,0.6304073122831717,0.6648231085614821,0.5622647387945082,0.24371170126605526,0.15112348993024605,0.7973034510584054,10
0.6415957482592753,0.1863031660611358,0.949536357921207,0.8073753556255198,0.4102688614344625,0.2646417532233969,0.3344349725814014,0.5762815875349542,0.09746320636696658,0.5374894397424282,0.5513378218386976,0.7508496815578585,0.24958927882631363,10
0.6544787917521611,0.2245745349250143,0.9712515716680636,0.7636808975014239,0.7529631354031745,0.8719291918321772,0.5757318447884688,0.5534847745417742,0.5081627205583847,0.2630276999810476,0.6717152274532329,0.6592582136126122,0.7896837075722162,10
0.6528642066668908,0.1912748927800693,0.9563600167644593,0.4267339699129026,0.29460006436845265,0.7461134760921871,0.07976762471197862,0.6466175928635702,0.31948650379487814,0.3236689811466251,0.46066487270480866,0.35353622466384416,0.8283807681169881,10
0.662148070907195,0.2241920944081732,0.9490517602682312,0.17248846203571067,0.04986000390633405,0.5091393707805113,0.7314001995378636,0.5092736820182177,0.313352471188234,0.8133918751266687,0.832742714091805,0.27375073946551365,0.6479078937474284,10
0.6731306132059605,0.2231267243969732,0.9702168901927912,0.903175250856801,0.8259954960507409,0.7160503913541663,0.7172519484779623,0.8273343734622332,0.520383949784449,0.21963849563481067,0.5482170854712396,0.17660508977576497,0.21605286338411372,10
0.6662013522150089,0.2360477504302455,1.0,0.35829792390341375,0.7859862288533633,0.026877905375214506,0.9951780920704971,0.17414316263781637,0.2633718067685941,0.8932827975205295,0.2620644779894005,0.37829869731449334,0.40016435239824005,10
0.6249789767567022,0.2110252137569317,0.9474931894383906,0.40578180013206844,0.3639737526050524,0.2941835899727093,0.09099300770306673,0.9391049430470508,0.632013080684693,0.4306920434370243,0.16493664050376192,0.5579838446845992,0.3351693307988429,10
0.3344882101651585,0.8691507088808151,0.7316114836546521,0.9393631371849481,0.9273595261463738,0.6111543352976162,0.16877872291438534,0.6336555500811973,0.44735105396615865,0.259523007462811,0.852816849553181,0.8715460409547725,0.30026924634385477,11
0.3135154226512832,0.8517223481847733,0.7334581936295054,0.9025609923945431,0.33198435637894896,0.0826646269845851,0.6920645561942592,0.7840475035759553,0.4189067898924196,0.875695897432505,0.3022389266070701,0.38592523190145667,0.4915796168493942,11
0.3269366611725923,0.8305515338596443,0.6951487845766974,0.42165437911813697,0.569298100088587,0.6922268398598455,0.523158572288785,0.8838626569916171,0.5673010841542965,0.3543782554802415,0.2696867747108636,0.13428897299837522,0.6283365785362934,11
0.3255743550068956,0.8410959652525473,0.724800922045264,0.26117642947550823,0.18602199764175809,0.7271245414516839,0.8937196920417294,0.9603375043273163,0.5896040880314936,0.1790809445239988,0.6852074055156289,0.5334635522906227,0.14738275444509777,11
0.3336640990278852,0.8687409511841997,0.6944808256496228,0.13882089954210497,0.372212278303396,0.23037415445599418,0.547843656291918,0.27739699742496715,0.09176005511993923,0.6968312772385351,0.35226148715877953,0.645896095895746,0.1896582967945498,11
0.33285680648525,0.880296118228754,0.7109178541492036,0.6977288860223023,0.4767686806283987,0.7568912339453787,0.6353840724606117,0.9306516585728019,0.3991898630482193,0.29780919922609955,0.37005449901886406,0.34076137257335665,0.2532894922873296,11
0.328938073934542,0.8353866746797061,0.7043823344509639,0.34387453343627983,0.7191557340061916,0.5711235276140665,0.4914902928175249,0.2747971118794639,0.7611041194928555,0.44343377357756225,0.3756348850694988,0.6841026366031795,0.2836573507311103,11
0.3493558478253556,0.89562105608217,0.728009744341995,0.38454161794927877,0.8081842425740481,0.6751953426748923,0.6670992659429317,0.6567526900282668,0.46835360485818206,0.6159845464918596,0.6778720112982758,0.8529731381971801,0.7885487380935949,11
0.306249789767567,0.8264266397137159,0.7165758591785414,0.4015404131757584,0.7863001046828806,0.736439823479648,0.8709527949770002,0.7832294616248796,0.190167514253889,0.6589653816215706,0.6395824968900053,0.6114095770050453,0.24672824255834,11
0.316256853577315,0.8156636708826179,0.7204919321039396,0.5843711991412059,0.7462428211762016,0.07587559210921624,0.9499060285956574,0.38356372965738805,0.40143740511226755,0.6326326924697333,0.559296253433986,0.2791591477334687,0.7907350072839547,11
0.3594133674190184,0.8436091457917884,0.7039632229673093,0.16885057622213284,0.05100903803444856,0.6737107457259168,0.20347254221023237,0.7393271443566628,0.19032356972294753,0.5854343362533501,0.3471565559623695,0.9441304939390092,0.344846575944932,11
0.3552759931380133,0.8856502854645286,0.6905778499580888,0.3280017292111619,0.3977727285260375,0.3619741457615333,0.7686114802704999,0.998423844293095,0.32029603354629177,0.28222094939948783,0.8322973295064128,0.5408891163060063,0.6054390087043633,11
0.341333378182919,0.8595896959597891,0.7238841156747695,0.9154799961446766,0.0743760749108161,0.11875100998613175,0.5812752497336681,0.8274669099348906,0.4241939395389771,0.6917078812662426,0.7196250426594197,0.5086286171311482,0.45186591854362973,11
0.3144740825456624,0.8170022126915617,0.7207145850796312,0.8224516078344496,0.6543686654411179,0.8524726463372465,0.5942142345297009,0.5073601643476323,0.2723813753212945,0.36682464537881104,0.4944177816674462,0.797881120767669,0.3340370132191513,11
0.3457398499781358,0.8233124812194388,0.7209896269907795,0.019787931248932522,0.8257205325866116,0.18546710549756484,0.3348738806258674,0.5798680836831315,0.39552970895885486,0.7979274088903141,0.41153605837452145,0.47186585741297,0.0723303304644006,11
0.3489858387433145,0.8638238588248148,0.7231244761106455,0.29183551977792244,0.9508374851304063,0.9878146890955992,0.10538684174507318,0.8224537086839006,0.6757783751445468,0.3506772708813506,0.6096391808141035,0.18361865596161608,0.4533400003211896,11
0.3575296848195364,0.889174201655421,0.705967099748533,0.3619211919491694,0.3576855711822725,0.3650635286950823,0.8823056433895774,0.2621048712596584,0.6000540110739954,0.4525866415298963,0.7336276129100622,0.7576803732831894,0.192590308952269,11
0.3590097211477008,0.8417242603873576,0.7184880553227158,0.9011253175864291,0.7122386659684777,0.21605244959645553,0.014299597098525796,0.6471867985813945,0.9099247887261285,0.8138867647918008,0.48742032712432126,0.3384390268864568,0.5733891784989732,11
0.3602879343402065,0.880296118228754,0.7174533738474433,0.5900766231143868,0.17286334371819945,0.10454651954453731,0.9538022248873936,0.4480220896873507,0.6244747738403722,0.6749744013856084,0.6918750094707794,0.4862063215761475,0.9199895201464081,11
0.3440579905143126,0.828939820252957,0.7318341366303436,0.7691852034942126,0.01957800608170479,0.269280982747344,0.4318747336731569,0.3590205947290601,0.47381444642791914,0.478037331625642,0.8808342255214692,0.7522450810943015,0.6427657936571435,11
0.3125399441622657,0.80170459201792,0.7235566848281643,0.6151257059009715,0.9404998016148219,0.5165671806081817,0.9235061695090645,0.5484757847751295,0.6854014620793464,0.2615926348352699,0.29530836086879775,0.2782740020798726,0.11534399295752717,11
0.3333277271351205,0.8661731362854098,0.7068315171835708,0.7844447214239488,0.2125937266109943,0.41602393818988037,0.5547131974518852,0.07354227208997766,0.606492395142681,0.9420617143748162,0.3280753207498923,0.48460190715666907,0.7026595460041368,11
0.3630630024555147,0.8797224574534925,0.7145064962279966,0.7877830335658504,0.20534508702761223,0.9623967195311293,0.1521528621214422,0.5601893002068561,0.8012866541883786,0.3093743513491547,0.13913998958109314,0.6913581979728487,0.5934466601673825,11
0.3421070335362777,0.8336930095336956,0.7263202011735121,0.9401726953152623,0.5812897777974811,0.4657276253981193,0.8125862313849346,0.4680169610127817,0.7734547819720323,0.8010228979510511,0.6064423249924882,0.8281430547328325,0.41728819044008153,11
0.346917151602812,0.8804600213074002,0.7141135792120703,0.54953354622363,0.8178523252578921,0.14015243952911594,0.22246366170056775,0.019066926714663035,0.6809181332659935,0.2896392382200441,0.9377554986254755,0.3563238579994637,0.6117358324545539,11
0.3336136432439704,0.8539077225667222,0.7136158843252305,0.6359192110272284,0.8275105348423779,0.6128158897519478,0.5218578976467234,0.7172575853778848,0.7191603271642829,0.05624264201939658,0.6197564629638721,0.7060592678276625,0.19693951719569017,11
0.3191832890443674,0.8415057229491627,0.725364103101425,0.0005691327049561767,0.06991348259268415,0.25542732778139343,0.2439105200221553,0.11681274593632729,0.266311073860899,0.6682892599117716,0.19615571504252502,0.4714275104431934,0.3517149654840785,11
0.3355477816273672,0.8372988772639112,0.7312185666387259,0.9984784957600082,0.6639322358069056,0.7084975947297714,0.7693520740376758,0.01890600198751058,0.2764544549438401,0.8003904607727713,0.7293255224289644,0.5857786432614078,0.24492201829288926,11
0.3408960947223249,0.815745622421941,0.721840947191953,0.10866941401306918,0.04850865788427994,0.9334448623992513,0.8408228778204907,0.7617475562916883,0.47886227620595195,0.858192154735054,0.4302957217233603,0.088152633399998,0.4143272939656847,11
0.3233711191092872,0.8608189690496353,0.7204395431684828,0.5234939375392281,0.9597747526209164,0.681324903237419,0.05149036699575227,0.5042720536641907,0.6467032348208126,0.3101329923908234,0.7231364375078954,0.7081451548205017,0.49906060028969346,11
0.916798412324666,0.1650504001966836,0.6828766764459346,0.39134011018456083,0.22174659582987155,0.9822343654435338,0.4616088011921987,0.7699278478231001,0.5048338159803285,0.34682533337787225,0.7091399736754241,0.6681524835951139,0.5653925827170633,12
0.9254263513740792,0.1296200180293386,0.6731454316848281,0.09175823732170851,0.2602675634997029,0.03681339340642198,0.702346042177967,0.7829292391383924,0.4866887198458394,0.4453286126463125,0.44572856864205196,0.6393613872005527,0.812159864252661,12
0.8765851525446533,0.1303575818832463,0.6962227577535625,0.36563164324718367,0.8888744454991004,0.4867689079880617,0.6114363890809611,0.1949681234570142,0.5856533995711448,0.5143315950756213,0.2769735896013361,0.2432702886110357,0.4734438043041148,12
0.8976756702209963,0.1437156827929084,0.6888097233864208,0.07793096329958704,0.8764544532064936,0.9444849108572446,0.1465977186705868,0.15389846492848247,0.6452382687000965,0.466546591581962,0.6521221372200974,0.20791691171243343,0.8440146486275161,12
0.9344915738840862,0.1474854536017701,0.6865962908633696,0.40806387805771027,0.7596781258997154,0.4920399271625494,0.9464597399490879,0.6533725388442702,0.5500050887936339,0.9199153541119575,0.6240939806354109,0.4599762983514491,0.5003462811979414,12
0.9175552490833864,0.1721801841177916,0.6730668482816429,0.46614801434998776,0.02510730301418973,0.7562094740607387,0.5354242207731014,0.9265220145253441,0.7800583182350935,0.3852016209441243,0.5148084886902013,0.92107861537687,0.4145461654729271,12
0.9118873826903025,0.1555986559947551,0.6753326697401508,0.18363139405724416,0.22758956747014503,0.6059876103159427,0.46389487372978155,0.7626098191398218,0.3779573773058232,0.7398515939424164,0.37859932348208475,0.6357819251360295,0.7947387660086714,12
0.9050926704564566,0.1408473789166006,0.6719666806370495,0.19769770844692658,0.3607056181565168,0.7285562845063812,0.8622453463621208,0.5343940785777151,0.2565238758277572,0.47273478976882954,0.21831553046750155,0.23874865542963522,0.3009690401358355,12
0.901712132934172,0.1307946567596361,0.6768781433361274,0.688576294166873,0.13001476395072198,0.494475190505269,0.025293018030016712,0.21565892432304157,0.5476044819918231,0.2966823520173275,0.325335794101384,0.6310985027006789,0.5268611358711088,12
0.9020316862322983,0.1353566257819542,0.680571563285834,0.8084112970208548,0.4177938003022713,0.16820986638720548,0.4209063517038273,0.401697539384928,0.8085274374325124,0.41676438103194685,0.390164931986292,0.7373012373584955,0.8600088180434226,12
0.8974233913014228,0.1828065670500177,0.669923512154233,0.8282336536722057,0.19757064717336492,0.4673396068107246,0.9158322442498945,0.5019555674271843,0.5255396688506682,0.5314456052376109,0.5171950371130365,0.4415823471770848,0.4106823932383464,12
0.9078341013824884,0.1591225721856475,0.6813966890192791,0.5089589417709901,0.46058235227159805,0.17444853614285516,0.10288070829983043,0.7249881587644778,0.3076385870129359,0.2610263915105834,0.7809584829179682,0.273884653701292,0.2904938581372476,12
0.9022166907733188,0.1660338186685606,0.6768388516345347,0.2017743647204857,0.9321709437080897,0.9102690584168914,0.5368003458224104,0.2683025056848978,0.47566838468910805,0.6608741276954069,0.6970735555703017,0.33542460424590986,0.4657753878343555,12
0.9273436711628376,0.1011555167044554,0.6786200754400671,0.8071517729182003,0.9404671710236212,0.9259156970900125,0.5236058108355787,0.616583210075287,0.7050536473954119,0.6727489169234545,0.8582429030082225,0.6052962426701642,0.38311960480756513,12
0.9013253052574924,0.1430873876580981,0.674900461022632,0.35263856129953486,0.11319159550510072,0.15856364908193765,0.05096891446300633,0.6030598075399396,0.9125816909728375,0.22499187834696316,0.4608365809320426,0.382072537800592,0.4659759387789672,12
0.8920582596118267,0.1198131504903433,0.7101058256496228,0.13911976466341947,0.8347981880487221,0.5089694653856958,0.2256050106654558,0.39243379135842427,0.4167943610926716,0.34871996140628536,0.5044272971458652,0.8741681576881422,0.4583343148865955,12
0.8957247132429613,0.1135028819624661,0.6669766345347863,0.4161548500594009,0.6136113155619894,0.6934357607639874,0.1390772151823665,0.4923295479966906,0.46326374519099967,0.6986564493451023,0.6976041630753698,0.09733789706518046,0.3677450239338199,12
0.8984661441689932,0.1200316879285382,0.6926865046102263,0.6756850806623723,0.9173741191197212,0.8131935898016165,0.0034893286055305284,0.6042118387323253,0.5947572271393844,0.46929921795358653,0.8836006875320053,0.18037708892087875,0.65734302238137,12
0.9141915301557402,0.1148687409511841,0.7017628876781223,0.11979695439642579,0.5583896310833636,0.9688406418023171,0.2252549743464195,0.3797502852167478,0.5370061715337365,0.1530637634616497,0.13466159136981323,0.7635693109138847,0.19197358493954142,12
0.8963638198392142,0.0784276231321878,0.6766685875943,0.2918050700246473,0.4222570659078536,0.1181689564352052,0.31292831869857773,0.2339789155010148,0.3118574156076238,0.5865629431673725,0.5442748541141315,0.5958602610130485,0.9434710219465762,12
0.8846917151602811,0.1003906356707733,0.6789475062866722,0.07948914324518652,0.06096114741805869,0.2695778081724016,0.7150464716327347,0.009549543696977136,0.16927743640845339,0.47623150928926905,0.9077084421184484,0.49725528190416746,0.2822258383606014,12
0.8850785428369605,0.1513918103095036,0.6928698658843252,0.8321828841351272,0.44113487344442914,0.785972618978935,0.20195719438946025,0.7218963593345744,0.5910606780232371,0.3067483246130079,0.5915971654710448,0.15568306791054265,0.6463368258253802,12
0.9215580746072858,0.1209877892206408,0.6788165339480301,0.0101444875044846,0.18559287107035327,0.9331261877701547,0.5052112247167472,0.541106457289387,0.4151012738357673,0.5972191746785711,0.15479705358825802,0.03258641792983522,0.31587608034116327,12
0.8898213865249419,0.0843008167836752,0.690970766974015,0.2745957731394165,0.06683292415824194,0.05749960347850169,0.00857839069753763,0.7306801183434664,0.7449730029192564,0.8661576698487097,0.5266162962623596,0.6763865907372942,0.4195288194954085,12
0.9268391133236906,0.0747671210424235,0.6912065171835708,0.49819733771229047,0.3793242970442404,0.27572463134596514,0.9938049506423733,0.06675269515829174,0.8841990450646396,0.6117321015112391,0.34598485690656744,0.39700144605888005,0.4672210461252923,12
0.8840526085640283,0.0997896577157373,0.6760399203688181,0.20811446094895925,0.3916314832851776,0.6747277790398603,0.7114092775477879,0.971633459284559,0.07543356591743013,0.2744987461056692,0.7074909043318605,0.10838855960610817,0.8717033684045847,12
0.9005011941202192,0.1462834976916983,0.6910624476110645,0.571706437011993,0.35352851844944366,0.690053753142899,0.3824711548946793,0.44451554259440695,0.64999098087564,0.3048853352037409,0.26589833270680724,0.9460032675063281,0.6872354973781999,12
0.8951360624306233,0.1359029693774414,0.6775722967309303,0.7861234257891255,0.85078893761782,0.6060082219927297,0.1256259890147553,0.6409744889904255,0.062369755232719974,0.4017558781553006,0.8664115862951259,0.740951186695992,0.5672800188133013,12
0.9279323219751756,0.1441800748490725,0.6720845557418273,0.8005236842217955,0.8072913435556623,0.43833022816910383,0.5208852484917498,0.37152805978866577,0.7112991476922873,0.3522388825526213,0.41404426480790313,0.33523995226158254,0.783289448511023,12
0.9340038346395776,0.1415576255907339,0.6752016974015087,0.0004558966732133296,0.479470019283613,0.41207249973473237,0.2557128037097638,0.7019305806018794,0.41766438306159426,0.30406304921700084,0.36452512814180993,0.3586083405463695,0.2754083047564631,12
0.0793501295031787,0.073210041795285,0.3991120075440066,0.21387225804995835,0.6498536466943018,0.050381942424775894,0.5295744985428752,0.3039231267912691,0.4683769159426746,0.4281801283625682,0.40974485869800914,0.7830897304974834,0.6482989569686275,13
0.1354401426216824,0.0596334034474281,0.382753562447611,0.9557921798313278,0.34229425019513604,0.45998333306438755,0.1245650159611732,0.8707470730723655,0.6941443972153635,0.6667169508509663,0.5323888104067793,0.21825552104391577,0.14748800346680876,13
0.1110363618016078,0.0505367825825661,0.3774753772003353,0.38957229301552654,0.6021573916989067,0.7812063945073302,0.3982115102210356,0.011322953788517442,0.5557042630792173,0.19777599905783125,0.3509832052506896,0.5820618176137717,0.8948101520906943,13
0.1203706818258266,0.0783183544130903,0.3960472548197821,0.8427668777828544,0.2065207757908052,0.9878280821224822,0.17065228844780944,0.10324460802249191,0.4626527413415148,0.4125570989394433,0.8887660433063194,0.7995913196408413,0.6100148272299375,13
0.0656597934676578,0.0373152675717758,0.3911881810561609,0.6365180042088381,0.07422403642888908,0.49895016337307285,0.8691979226814416,0.9846960426432776,0.6283007333302518,0.5768177738602949,0.5893536801457393,0.6948192026958614,0.8539285936199292,13
0.105906690436947,0.0913759663452344,0.365871227996647,0.2000637570914604,0.8783646456473452,0.9571475831709235,0.456267777502639,0.44031060934807065,0.34320269293088274,0.14144282727688026,0.38812097757855823,0.4435588964222678,0.40350785040684595,13
0.0899794813145413,0.0744939492446799,0.3966366303436714,0.17723417577455824,0.2776915048754929,0.6072468276512649,0.4047178678116101,0.9545770157240632,0.5146745923604238,0.40852851394587847,0.591332857126153,0.45517677211013896,0.795956007884481,13
0.0961350869521342,0.0583221788182587,0.3945672673931265,0.38920945654387684,0.16344145418960165,0.28344694761377776,0.9702758539933701,0.10512160595234532,0.45698916896248354,0.60319559148257,0.7150286659720483,0.19629630937815434,0.5354562641130689,13
0.1077735544417907,0.0221269156172316,0.3872459136630343,0.24246973172145192,0.6610741407383014,0.8178656039529337,0.2359444734923527,0.15626899211483525,0.21525690902581573,0.6091622116200722,0.7867604864707265,0.6814597370780071,0.6052276571192949,13
0.111271822126543,0.0972764771764962,0.3842204526404023,0.4415662206268752,0.3265452905830376,0.4076564142004654,0.3075078688383157,0.5758941208510606,0.9182506492298191,0.7440418966817397,0.42976824299490596,0.2727994697215194,0.9611135688443525,13
0.0980187695516162,0.0600158439642691,0.3809330469404861,0.4499851137790746,0.13962651590358233,0.3628675575466598,0.5732726456493016,0.4428793528216165,0.4946851376453948,0.2591698999240244,0.1879352437814836,0.6003247772643217,0.49337615886601455,13
0.1015002186417303,0.0868413145026907,0.3708612740989103,0.4883922088223892,0.6608767656799647,0.9362600018167502,0.7353900256003386,0.2912791583151676,0.35438393565793835,0.8071884294405824,0.5267904761338216,0.6012786833516289,0.08691401086701073,13
0.0907867738571764,0.0437894391782992,0.3852682313495389,0.6065762321775733,0.6213993195557097,0.147483045392808,0.7357000037533256,0.8899422624041212,0.5150157659128516,0.41314729102812114,0.41982585880379075,0.4215862748336436,0.14389286786362596,13
0.0877426082276564,0.0280274264484934,0.4064726529756915,0.8784735689570571,0.7428665834161333,0.6932088207533135,0.5982347876357227,0.1642139425824013,0.7877867018968414,0.6229793134578615,0.8053700566271595,0.7528856693664311,0.5020988767169223,13
0.0849675401123482,0.090583768131778,0.3930741827326068,0.659425584552571,0.03922720549317893,0.1380181300607296,0.07376995014190624,0.3041892259257547,0.5547463471473348,0.36842301879575506,0.265225206450888,0.7450923088495849,0.6531933456109676,13
0.0948064179757138,0.1048160187942197,0.3970688390611903,0.19698744410030222,0.8277440365695281,0.5576773385862576,0.23713884909322747,0.4042488903213345,0.625901104636408,0.29902506959817166,0.7114207243246619,0.6380851980883068,0.2428413129224286,13
0.0914258804534293,0.0588138880541972,0.4081621961441743,0.8368292500912309,0.8773963690266684,0.7614997011457104,0.4466403398767589,0.33073617443821246,0.5425246724071818,0.24419356104222928,0.2911359109689795,0.4962044167128909,0.7236908693556626,13
0.0959332638164754,0.0641134209304231,0.3926943629505448,0.9087714347460505,0.9519265148701876,0.7493764343647696,0.4575620824823694,0.7207505281710169,0.5302068515045704,0.6681752763125716,0.269471567145766,0.16107402429290602,0.352897789214607,13
0.1118772915335193,0.0434616330210069,0.4091444886839899,0.3419351374367662,0.17720745264283466,0.18311327408792544,0.4525919623551087,0.9872918005863168,0.8062730379584472,0.5097578157988517,0.8099729953165008,0.9553795812277474,0.6162363997088897,13
0.0989269736620807,0.0660256235146283,0.3811818943839061,0.5671244978522947,0.7985892509759759,0.8390303156337898,0.9830956391994539,0.9365091574426614,0.8524214417777028,0.4420134117070436,0.6174932580289565,0.47173749966898626,0.298401025783073,13
0.1217329879915233,0.0,0.3766502514668901,0.15159332207563803,0.30724108163033514,0.13482902283230247,0.6195387090957183,0.9261088259901649,0.20577124101411073,0.3086690283061038,0.4193941442572548,0.7192303842000116,0.16141255037454483,13
0.1034679942144033,0.0358128226841861,0.3860540653813914,0.4286233824594886,0.9940698481118199,0.273700047177584,0.6707996051054688,0.38656911526027504,0.5608368406511973,0.36000894559709906,0.6676482816440598,0.7177634156301709,0.3734268570487447,13
0.1155605637592922,0.0713251563908541,0.3997144803017602,0.5299897705992758,0.8979105891634698,0.7634612797534229,0.06985348983796202,0.7796847225713628,0.27463659751957853,0.6210005167383391,0.6704539001669583,0.46856833640464957,0.824302935462123,13
0.1292845369840895,0.0361952632010271,0.3832119656328583,0.9080675112936596,0.7387285400257388,0.7310790052303237,0.9293196593762382,0.6051212046875739,0.44674235811916424,0.1722775493351267,0.33162814192707746,0.7217049179613237,0.622435788696447,13
0.1131891419153015,0.0451006638074685,0.4242455993294216,0.8596017331229165,0.10505755386798221,0.09580226902672062,0.19249142671333885,0.181660969892681,0.6317890216073357,0.46084998297037244,0.2608479941302273,0.1982170436828542,0.9609416110767729,13
0.0857411954657068,0.030649875706832,0.4065119446772841,0.865316575196182,0.8156443194857691,0.06662618603480008,0.938204505855301,0.7127760410032168,0.7596121349575033,0.36258654067422885,0.45064899382792334,0.7208849905252686,0.12113001539262887,13
0.1181169901443035,0.0687573414920643,0.4023732187761945,0.32545491889273304,0.8458765267255479,0.560433088399012,0.2228631544216747,0.3400982648028129,0.6669519952391958,0.49138649118537997,0.21075710025647137,0.8240492714243123,0.12887102077675028,13
0.0967069191698341,0.0580216898407408,0.3868791911148365,0.5049498971660463,0.33986239313109434,0.7712632382492571,0.6338654321903249,0.27472653642903144,0.6780375718887361,0.4637337769149906,0.24135734037733514,0.010464667162511394,0.08544209070583834,13
0.1089844932557435,0.1030404021088862,0.3999240360435875,0.9951605052261209,0.27411416983142123,0.36680409318314733,0.5017110764614914,0.8416930321732807,0.4497316473577128,0.322109563849546,0.33422431305751,0.6790573606909203,0.3874425978938708,13
0.09988563355646,0.0319884175157756,0.3962699077954735,0.7787196569530139,0.7012516340230046,0.5357101021104864,0.3578218400946416,0.23481690044087433,0.446528393634906,0.4317298348619423,0.34818887326013176,0.26797921000920927,0.4014158869087835,13
0.0100911567829391,0.5246810719261343,0.0051341156747695,0.30050720462792124,0.5478856501142781,0.03994920351524578,0.7651318939347241,0.8079371876216107,0.2644814434572011,0.348712802813049,0.6946045780829798,0.5852884414718269,0.7829479630811456,14
0.0287261596421002,0.5345425738246783,0.0122066219614417,0.2630566568930186,0.45665050349081016,0.9636111228804016,0.17491162928796844,0.4046472272096412,0.670128132450776,0.34901253136253957,0.6639032191067571,0.2354673098438933,0.7098308479712192,14
0.0219314474082545,0.5612587756440025,0.004282795473596,0.36283128463986514,0.5802112573713385,0.9585094885029423,0.22864652790384576,0.5029320130151002,0.553803440575188,0.4248087669901387,0.9477863567739242,0.29841210452178396,0.9224119435907588,14
0.0189041003733727,0.518288851858934,0.0243477577535624,0.9237599575829006,0.6192698175059982,0.37888655816349726,0.15323823063444164,0.22988770351573085,0.35105484582730934,0.38146758248246815,0.8496527468672445,0.4735918574319556,0.21374131961520634,14
0.0103266171078744,0.5090556450952004,0.0201566429170159,0.6440646923421536,0.6986445552569553,0.5709760175630078,0.7616254036518078,0.02297428019004588,0.23082427203348518,0.07676208502147124,0.11840228793930063,0.6160275894513926,0.24641209220880425,14
0.0381950284234248,0.5345425738246783,0.014367665549036,0.7172159146196244,0.9197598902681555,0.5792862424500959,0.42405939875560117,0.011483647478251147,0.3764567749481584,0.36714156387104585,0.6718947947732437,0.3560671149626798,0.8735183329807849,14
0.0170876921524437,0.5279318163192832,0.024387049455155,0.22106300975380755,0.33137706981747284,0.16062985979269806,0.882544360907615,0.9408107893574287,0.3974590301271395,0.6569054406359236,0.6681954100647887,0.028648591146129786,0.7452765474452847,14
0.0247569713074775,0.5142185920725544,0.0267052598491198,0.19462458086013223,0.8685596277586916,0.05007543510779677,0.7638121546971262,0.8280214432086614,0.7855464740039529,0.31347826003088614,0.9157543540840496,0.11793303310153457,0.43550764575037115,14
0.0417773890813683,0.5103395525445953,0.0230773260687342,0.41145815961685883,0.7714710608836225,0.32553930969700273,0.46215432389748035,0.36633990041905673,0.25314211499809297,0.771888998150879,0.2168807758118813,0.09317689273191218,0.18107009812064584,14
0.0059706010965723,0.5487748244871199,0.0094823973176865,0.8768017451068434,0.6530428549812375,0.8220280539350072,0.9977766230409059,0.3894069100202856,0.49520518170094163,0.8261895189059654,0.6212026885801765,0.8047593876663912,0.4124053240020639,14
0.045242019576844,0.5684431939246593,0.0323501676445935,0.5969703085164682,0.6928552177622649,0.743530018224077,0.18701082382447576,0.1116788035195656,0.5734837997049429,0.2943945495150474,0.8538487807109529,0.5249080634636184,0.5102746002339202,14
0.0021023243297789,0.5049853853088206,0.0156511944677283,0.5159830144112552,0.48385911331246356,0.6830693534351119,0.2306411871819135,0.755727338953784,0.3216751466065872,0.9326300128009408,0.08488329964756865,0.6986289839577055,0.24568104763818494,14
0.045309293955397,0.5856257000027316,0.0242822715842414,0.4014568272507354,0.02086371261509734,0.530756810210902,0.3093307757344431,0.08247854740559168,0.3700601632484461,0.5830045793751144,0.35878941952629584,0.12755020408774428,0.57590387382971,14
0.0453261125500352,0.5040839183762669,0.0328085708298407,0.7019633839142663,0.926562433327638,0.15737845617605617,0.4787422533535671,0.0610712568686953,0.795481426761775,0.4254962690876701,0.4847721954593124,0.419674534669496,0.6535725884456998,14
0.0093006828349422,0.5345972081842271,0.0300843461860854,0.4691174302744965,0.04202259295859678,0.485411080870507,0.1947562322392462,0.2796546885297241,0.6680000688383373,0.678651105309344,0.3874352795519796,0.41135820415146424,0.5926155652572165,14
0.0038010023882403,0.5267844947687601,0.0164632229673092,0.19321534983890798,0.8936604011385352,0.5079196233861747,0.4795835417152531,0.49884630907319505,0.27065622431696795,0.9346321048566707,0.46151991629559314,0.17685276623975185,0.5825324278773724,14
0.0521040061892427,0.5371377059032425,0.0239679379715004,0.8970395134423204,0.22227621138371068,0.20260527436666653,0.1864011778045771,0.8359652950866331,0.509014447506168,0.6969696462222488,0.44985028904100494,0.7775016538967486,0.5741809492864561,14
0.0261697332570889,0.532165979184309,9.168063704945162e-05,0.5692066660463684,0.16569094659560835,0.04154800624837074,0.07500165639093082,0.6772900625678347,0.6432080638300658,0.6245275270949786,0.8767344515994776,0.24625846510662944,0.479899487521271,14
0.0354031417134783,0.5187805610948726,0.0096395641240569,0.8391528922156244,0.2751761234518699,0.26322505730724277,0.7404770294423513,0.5423469084949141,0.7427646154643176,0.6965776799249834,0.33302641147044576,0.16989527870289217,0.2974627245100684,14
0.0326617107874465,0.5398421067009042,0.0165680008382229,0.7850582352913449,0.33320955037131816,0.800045802482336,0.20144613206956785,0.5118653116546974,0.5794771981529311,0.44089713698275623,0.6183999446361651,0.6466345864702926,0.6336812861599113,14
0.0221332705439133,0.5297620673641653,0.023758382229673,0.9138359393486287,0.5751809741545238,0.39534799576075363,0.49472705633579606,0.9345531513137126,0.4435354695060806,0.8656483006329401,0.5997983541176625,0.2265613038592262,0.7050266922914102,14
0.0099061522419186,0.5246810719261343,0.0088144383906119,0.23784815065508325,0.9932754958969193,0.6534539759582917,0.13545061091528054,0.24315650292938584,0.7267426555530551,0.4332024634279036,0.4862523134510453,0.4886519283792118,0.4515566592821142,14
0.0,0.5775124976097468,0.0156642917015926,0.2705183977901252,0.14807002370423372,0.07829147225777477,0.10843043323231338,0.3993438824173391,0.5765996103279948,0.3215371259469173,0.5109661626137235,0.47162611417006883,0.5314814254275683,14
0.0153553769047057,0.5523533750375611,0.0333979463537301,0.3499308379303727,0.4114438718635758,0.06286530731930406,0.7407613066437472,0.4678698477895328,0.4760142260436466,0.4702731402219731,0.4631673099950623,0.40740837341750363,0.3442943453273324,14
0.034797672306502,0.5183434862184828,0.0330574182732606,0.012701678061071364,0.41970911924220033,0.576052857622314,0.16732654271926128,0.9357197249689737,0.504996666348382,0.7268757778706442,0.6651437549979521,0.5056746925675198,0.32101614749722707,14
0.0174072454505701,0.5571065643182997,0.0317084031852472,0.04434690110366102,0.2452413815364951,0.22951369290821,0.5079343214900371,0.02206681338701333,0.8471038219207386,0.7219531140399504,0.1607255276270506,0.7451283340912688,0.3062816005118771,14
0.0132025967910121,0.4542846996476083,0.0200649622799664,0.11537646855553418,0.207852814358936,0.20668270683981682,0.572672161174031,0.9018400559075261,0.9067095326744086,0.8211521537776372,0.19493291960107462,0.4465870565021302,0.37516164793360096,14
0.02958390796865,0.5709836916436747,0.0064831307627829,0.22146349642572494,0.5120046294389962,0.7788752662194598,0.6864063822585972,0.44139806968187045,0.6112645111989239,0.32679874581081014,0.6305598605877273,0.24956157104251217,0.2544167993839372,14
0.0074674560193749,0.5674870926325566,0.0,0.2666588261678885,0.26489802289396747,0.915388996638306,0.5470223993105408,0.21373491313776627,0.9044453667838975,0.660688060942706,0.2401007955931501,0.40587746703372884,0.2823534390979653,14
0.032409431867873,0.5338869615100936,0.0184278080469404,0.7295233734199151,0.3420745660412098,0.07917707524907425,0.14810283014260428,0.5386148763532943,0.7584023659154957,0.8990808205338351,0.3676665224634493,0.7731992552139844,0.5854626617299854,14
0.8565373877358807,0.2377414155762559,0.6720845557418273,0.17742924765409085,0.8267112207341804,0.3527446027560759,0.41021217339466964,0.20401694667770298,0.5110552308987465,0.17896789141435476,0.34385375905006316,0.5610158036614609,0.40758773326308967,15
0.8287362507988831,0.1974758925888491,0.6666884953897736,0.9974159092902272,0.3017318546572365,0.6783340279832641,0.8640445777964896,0.4849945538794497,0.38990134078343097,0.6491485509723547,0.45053626851474426,0.5703258519468438,0.5902120467763757,15
0.8229001984594166,0.1751850738929712,0.6671076068734283,0.4435710611807707,0.08432166794199214,0.46896013927298996,0.7635535461574429,0.14017540247961813,0.24717608081068773,0.23027721976254248,0.10838292483091878,0.15915348946166177,0.5878661237445435,15
0.8434525211073363,0.2081842270603982,0.6723595976529757,0.2051625175284646,0.9184188259198871,0.7502869004599946,0.23488048972079112,0.5514673200265121,0.4605516669316331,0.22296118718562968,0.6502280254099245,0.20982373059188258,0.5586698560631228,15
0.8496922197181203,0.1749119020952277,0.6382413034367141,0.8023341114349248,0.9871316084326236,0.6193353038042039,0.8818253138017391,0.7558041265008647,0.5933579003085804,0.7477962015777376,0.49525617304926867,0.5632272394891251,0.4413753164760598,15
0.8610784082882034,0.1988963859371158,0.6611352682313495,0.6613051217623196,0.6302419709471209,0.6301985926309187,0.25849153677789205,0.35970096872178714,0.43574818429145645,0.7670748777642135,0.22605932460558298,0.2819085169269698,0.3305193717183752,15
0.8327727135120588,0.2473570628568306,0.6596945725062866,0.13006292813537168,0.46570248865358055,0.9664064637231042,0.3324373337113402,0.6861487468080264,0.3825551766612571,0.6223263605396872,0.9183400854819892,0.02704831823148274,0.5861846081900585,15
0.8511554374516465,0.175321659791843,0.6334346186085499,0.10705985449023858,0.6429548304377884,0.26505634358381547,0.42593913985836174,0.6955182818812832,0.212839668354555,0.45770119570009515,0.07654440288813806,0.7888683795176886,0.605375411907393,15
0.832419523024656,0.1653235719944273,0.6649203688181056,0.5323089253950875,0.24115945871617905,0.17351189057675898,0.34674215547492937,0.12784336825905362,0.8088993336961163,0.5148479869551446,0.856531873064661,0.1363193353865185,0.2776054167439707,15
0.8338491035689057,0.21878329281285,0.6714427912824811,0.589054361983249,0.12635558412263503,0.8673485975161288,0.07397268731989737,0.04041842113964644,0.8491297976718163,0.3238775231062292,0.17965152626920233,0.6349194422015527,0.8762821278546912,15
0.8332436341619294,0.2503073182724615,0.6508801341156747,0.9440806393573887,0.5893788597096102,0.8966247327335136,0.9247629818533167,0.3633926722586137,0.3475716863578002,0.19403217373899748,0.2738576423403862,0.5121076306551253,0.4567744955066726,15
0.8540314171347843,0.1551069467588166,0.6524648994132439,0.3234216921192583,0.31402624652325484,0.7188107055794448,0.021605460458418047,0.2550643185076916,0.6775148325691699,0.5805406075231543,0.6218940132436375,0.3094120927773572,0.42137136361004013,15
0.8651485081906556,0.2225530636217116,0.6648155909471919,0.4272068695829535,0.8389408379641339,0.4874364431245858,0.19366443693894964,0.5981933821750126,0.18225253335790237,0.5931807644912352,0.34322435846308275,0.6052457142156065,0.5757729380007156,15
0.8478421743079148,0.1719343294998224,0.6608602263202011,0.6855512175122632,0.03632497927993483,0.9587854019386735,0.776900345255123,0.9079873744781441,0.7373217966905979,0.5948580727295898,0.8436973114830753,0.7403264960489634,0.09499363683170392,15
0.8481953647953177,0.1993607779932799,0.6612662405699916,0.1066011717398313,0.5560289073065071,0.4080401757592964,0.5662015495506182,0.3382239708247071,0.1695764626170041,0.678887421435727,0.49729818099873657,0.7506652982341034,0.9171001033661116,15
0.8228161054862255,0.2100691124648291,0.6805322715842413,0.6357127113283515,0.6440076558353475,0.004621819665208915,0.6379674216624535,0.9191277178514725,0.7112435706818167,0.34621158162591553,0.6035350326453888,0.5313706528967629,0.6652080016617691,15
0.8188805543408793,0.2477941377332204,0.6355170787929589,0.9398987044311052,0.43097925291160577,0.8493903063064601,0.36840277963054535,0.6683492897313271,0.6002903098982733,0.40698911886300515,0.15893506424300877,0.16815546957105326,0.4842221678115337,15
0.8152813750882976,0.1798836288141612,0.6767209765297568,0.6680412279980379,0.8058211190036504,0.8934785887049702,0.9871313340395702,0.12031082229550305,0.26792336667332,0.815579630072467,0.34555341842164156,0.5131934911007763,0.6736255391799421,15
0.872363685290457,0.2283716229136503,0.6330547988264879,0.7931641644341434,0.8380768590631957,0.7672479453730535,0.47607770268978067,0.03191957332454021,0.13538403028590512,0.2809433531479164,0.18226668357559242,0.5793918561998436,0.25759362264998276,15
0.8346900333008174,0.1800475318928073,0.6638987845766974,0.46533932934689337,0.47310949642782885,0.4974230413070754,0.5871641671828909,0.28384843836362195,0.3433724746203615,0.2913095206157481,0.829981798999709,0.43342623253815776,0.6483779657789824,15
0.8210333344545728,0.2108066763187368,0.6466628248113998,0.04425157426697146,0.15392025957133693,0.9917822837275071,0.538819045456672,0.9006312606017792,0.5275523875456495,0.20270719640632587,0.5852300287919481,0.5660961406603061,0.6977111911311237,15
0.8432338793770391,0.2291638211271068,0.6683649413243923,0.6769170626705103,0.2917702200173873,0.009316256708527426,0.97360239670868,0.9599258151375251,0.3973341199097038,0.65478778559554,0.28459196776127765,0.46858941746969995,0.13994179867050463,15
0.8035251774361734,0.2195754910263064,0.6643964794635373,0.4199762053650621,0.5998183207470253,0.6717803456475854,0.7065563549899296,0.5524502448436251,0.38507672488791167,0.6815795453689057,0.7115301460327479,0.5551556933849302,0.9762010281993644,15
0.8481617276060411,0.1908924522632283,0.6569179589270746,0.8474401304745044,0.029320685261218893,0.20735418870087508,0.4889763349599954,0.15087243193125588,0.435123832391218,0.6767609457496756,0.6336640985835494,0.8073216518016222,0.1039136140535595,15
0.8336472804332469,0.2120086322288087,0.669740150880134,0.44339801849424554,0.3040726105664112,0.298871941093116,0.5236726216142021,0.8496061733348271,0.27256647736698225,0.7330613281073779,0.8186986321460185,0.6218565073102338,0.08655569836939761,15
0.8368764506037875,0.2040046985549211,0.6399046521374685,0.29791656752598716,0.4207735717197255,0.26920463312554055,0.18516568153570712,0.7669836477418995,0.3724058495250673,0.32873366852066294,0.5203316464759734,0.5580483630915698,0.696014829843783,15
0.8545527935685693,0.2526292785532821,0.6631129505448449,0.907833012993838,0.2585381237919666,0.3081773823927251,0.10140879785838819,0.5543779135993921,0.4286122467396429,0.4431182288662101,0.45300007861695807,0.23481246136487427,0.5591671579504274,15
0.8243129604090281,0.1948807605102849,0.6601267812238055,0.7219516711388069,0.23178301515669242,0.5350386830589755,0.04964915816319271,0.31869154923797205,0.4561517759472706,0.5386865076338753,0.6155034426698572,0.07963247011665045,0.2479525796820724,15
0.856335564600222,0.19572759308329,0.6641083403185247,0.04606150652117902,0.9703758772504141,0.8504777293377103,0.7499843993156057,0.6735647547642272,0.6969950588334958,0.7071101187109812,0.6184359595041484,0.2353405122799654,0.3753439563526143,15
0.8710350163140368,0.2209686671947988,0.6543639983235541,0.2676178780806888,0.16347135255524392,0.6397907708730514,0.35741830030891897,0.7640023822350002,0.4506162241563776,0.38403324997724764,0.9276362258545137,0.58670742127509,0.4476066663204162,15
0.3802852433650643,0.2618078509574671,0.4688285834031852,0.6094172889138504,0.29789961085320105,0.2807664264067692,0.14076365910795297,0.928504870828216,0.6697036572491912,0.48951738171230547,0.20560247513232202,0.5672827590332631,0.16575641804761418,16
0.4322042450132866,0.2379872701942251,0.4693000838222967,0.7233455789756896,0.13308833781569762,0.3631229113403589,0.5099446994895147,0.9216504513516268,0.5643925574108102,0.6050034437237619,0.07827972650507167,0.2955832232870458,0.1502381889042553,16
0.3614315987756062,0.2623541945529543,0.4464061190276613,0.03958472801740309,0.8316200855430679,0.7518862597385266,0.8299238173940768,0.6879856242525008,0.10334112815195608,0.5253786688925794,0.6715578577908654,0.1881211603399653,0.2806743844093848,16
0.4018466816912778,0.2901084492037042,0.4487243294216261,0.5458094857494714,0.1332097911387684,0.05567143160962085,0.613902456121382,0.3003397469734398,0.38519422996830766,0.5294992964932876,0.5409628630670837,0.6964246551570415,0.4966296061106275,16
0.3707154630159103,0.3048050919223099,0.4286724643755238,0.6610287041448488,0.21152497284160576,0.43681477831166426,0.43676092535232414,0.08661088813429807,0.6734255643490576,0.8288887268987439,0.6868322072288305,0.5402539389591238,0.2164678549435,16
0.3887786336573715,0.2784166962602781,0.4682915968147527,0.2656942106829945,0.2552913375727397,0.7598018096275659,0.7606245424964622,0.548917431223857,0.6624851038828595,0.06264000822503889,0.24691050607830964,0.4383977537078668,0.8286442271649731,16
0.3950856066467085,0.2796732865298986,0.4427912824811399,0.9956167304256379,0.8425956945886608,0.4161547458954745,0.2688165934470099,0.18511056515236923,0.2088933491147799,0.9024436800337976,0.8083367034700506,0.4815913827079945,0.4194913172134496,16
0.3834135019677755,0.2798371896085448,0.4603546730930427,0.6315988518821548,0.13790689911154141,0.4156635680211913,0.23287430849806745,0.37868708733347667,0.4907136220453849,0.8547130037546269,0.7195615598465044,0.46490587982795295,0.608945660075574,16
0.377577449628309,0.3017728849673559,0.4754426865046102,0.6271594934478528,0.4133902156828988,0.6783879915910866,0.21027160757423013,0.3663278111394155,0.9328511570727807,0.2624664056766341,0.1843840460772052,0.5709266146280434,0.19052812032694416,16
0.4092132261428234,0.2691288551369956,0.4376178751047778,0.4626081631013984,0.7476882016236671,0.4943602533567859,0.48597399443826217,0.5620449649655226,0.3177833778864999,0.8110704497887795,0.23461509995046564,0.6161938086854947,0.8903060653743271,16
0.3956069830804937,0.2720517933728522,0.4477813285834031,0.7333403851184327,0.22316370874648028,0.19118118228715664,0.4306625852671183,0.6475580028947411,0.6862601918106979,0.6724753616234526,0.5009337150946057,0.4344212756693806,0.2708666722228483,16
0.3862726630562749,0.263091758406862,0.4468645222129086,0.25788203611993266,0.2886477253303992,0.9922138220424478,0.7996392749156052,0.5945363440314039,0.5608379590970028,0.8972436085847515,0.4015357744660733,0.38269932260612227,0.511137742345125,16
0.4006021056880486,0.2694566612942879,0.4570017812238055,0.16793816435546927,0.7005865536510311,0.20921387848903372,0.34705622737541997,0.835758087064252,0.656594292575657,0.2706102748000171,0.4328039483901787,0.5371166231858758,0.23299290355531058,16
0.404974940293989,0.2380692217335482,0.4508984702430846,0.12369201409591701,0.838802011397415,0.8013490549674371,0.6307813014914465,0.895000882345546,0.5077273697020435,0.3929241394786135,0.845180197668115,0.5098716312462741,0.5276226943950257,16
0.404907665915436,0.2941787089900838,0.4450832984073763,0.434038333794977,0.8965723849172519,0.670218238536802,0.8551141337306141,0.5305281631066986,0.7105821872970252,0.432704373874788,0.42926683743169475,0.2622063372746202,0.851585901181116,16
0.3757105856234652,0.2564536837216925,0.4717885582564962,0.344752593443695,0.943559451252132,0.16862958042932874,0.19689534455917945,0.14020622537885974,0.38597786935929856,0.7938467281406699,0.7917677372787607,0.49770759103509055,0.17017212410180305,16
0.3810757173130613,0.323326139809326,0.4710551131601005,0.6416305241367828,0.573624666452049,0.8672148361479596,0.9752767871245825,0.12281449413431933,0.8418294110831421,0.2209463066537838,0.10631827434216337,0.3133138332715089,0.22925882562063904,16
0.3978102189781021,0.2663971371595596,0.4508067896060351,0.6931576573024778,0.5528688297609364,0.2928394635839192,0.46820941228058366,0.5664819526500379,0.5013333753492465,0.8258417250061181,0.554043172033087,0.8180050156117679,0.24779525470410188,16
0.3892159171179655,0.2202584205206654,0.4311609388097234,0.5043955662577089,0.5099054494154238,0.25645507341545726,0.5960100213596058,0.31113420924612023,0.8101156820522045,0.5403699563061231,0.29190612236491176,0.47558942818070876,0.6496365012667895,16
0.4045712940226714,0.2438877810254869,0.4519331517183571,0.0984688568336185,0.2577681574193169,0.3901323969962721,0.057224346716899466,0.5793549764580962,0.6876780730725642,0.703819962392123,0.6625292425136142,0.5090417090948112,0.5667858042249279,16
0.3858690167849574,0.2881689294397246,0.4417435037720033,0.6168321782554592,0.06356903468617148,0.14265452988606264,0.7445271491902096,0.3463849427514125,0.8847516857360483,0.25638695020900815,0.4921102418823014,0.5892286831234052,0.7191219054384661,16
0.3902754885801742,0.2910918676755811,0.469823973176865,0.6560311688290522,0.8758392778284264,0.342701344697795,0.1810297506995867,0.9907442040569079,0.49924566824577965,0.5135287327716368,0.4120850942173744,0.7398466875452164,0.5269835003512875,16
0.3856335564600222,0.2462916928456306,0.4716313914501257,0.33773579689857713,0.05052783954711337,0.15034102315242936,0.8717492924480151,0.25868349676724056,0.4429757387090778,0.3365314952314492,0.41514523371504114,0.2802574678004502,0.5742464020023452,16
0.3687981432271519,0.3013904444505149,0.4466287720033529,0.28952367697544645,0.5939621176477001,0.23143537049668272,0.32149694071914836,0.6295147818979729,0.189693055299588,0.6129398965076284,0.14881955060259008,0.2823578636202487,0.7152505581318904,16
0.3941942211308822,0.2367033627448302,0.4662484283319362,0.07858763696974647,0.20387072771561277,0.6017081625468582,0.03619480431838806,0.34262692400922823,0.1616842054294247,0.7844749319290233,0.25734601854512645,0.5434322747435943,0.751266412781625,16
0.3968179218944464,0.2022290818695877,0.4654887887678122,0.4758733748861388,0.4540146171200331,0.4376453936643191,0.6077688690395265,0.6685585496650447,0.5581129428296716,0.5706215037875424,0.6670549652762762,0.4170198888868802,0.6588545128384823,16
0.40258669985536,0.3189553910454284,0.4469300083822296,0.6998473247185317,0.8935653151811848,0.18882164062244278,0.9797683708670409,0.7206339105514317,0.38912975033788855,0.7309903517404366,0.17397144637073017,0.7923816174599531,0.25361109216286826,16
0.386928588247166,0.2473297456770563,0.4399884744341995,0.8467191028792519,0.1520547567676086,0.2341620953385296,0.18813489673300343,0.4190255312560718,0.2690095424246046,0.33279715281594024,0.4713219476216883,0.31242045458247997,0.7596438887917681,16
0.4032258064516129,0.2549239216543283,0.4583376990779547,0.8216033770775558,0.689334572920532,0.4725343630522063,0.18008385847593222,0.6635542559620248,0.34884693845786163,0.618214439068944,0.5490840648442512,0.3601596337994092,0.8118179415055078,16
0.4062195162972181,0.300188488540443,0.472089794635373,0.08364824019763362,0.36194903652448884,0.09320524339954672,0.9991040444033412,0.13034412012987717,0.6301471539804876,0.4749969530545389,0.905364572737967,0.753212644964806,0.22619534443335476,16
0.1590029937098455,0.6834212035949407,0.4311347443419949,0.5680996624627783,0.4998426293604853,0.8748152482703684,0.7797461755188781,0.623930489157664,0.49821417292494613,0.2843510303157557,0.3998949117172765,0.7074527018697544,0.6512030109099943,17
0.2106865350331326,0.578823722238916,0.4322611064543168,0.051737737303375386,0.1664114428859974,0.7939317517170988,0.09342011407040429,0.334969288046584,0.8704388953005241,0.20747283233803643,0.7236172671899899,0.7424453301762599,0.24200895171915943,17
0.177520266406539,0.6452591034501598,0.436491512992456,0.35946478988219577,0.38799047507797857,0.45334980291208593,0.6337631288373929,0.020950967031631684,0.5988204052517039,0.7328833623822006,0.30334968653264804,0.5080002198743694,0.7815045799163708,17
0.1792694002489151,0.6503400988881907,0.4378012363788767,0.04104010843450867,0.5605963582303541,0.8047227464216029,0.5718121544090861,0.3290522576447067,0.5260505085824624,0.3608108381543498,0.5557773909548964,0.5212139054561624,0.2004017646201355,17
0.1852400013454875,0.6627694156855246,0.4181946772841575,0.4125101802412213,0.4840337811815868,0.012467809743296532,0.11876956593137111,0.3505891784481334,0.8339468401032104,0.5652361138108588,0.11443361376726278,0.44054369498602813,0.3153696886979747,17
0.1598943792256718,0.6599011118092168,0.4392550293378038,0.14253994796831093,0.5214338536405566,0.4000736377715991,0.9224560078078383,0.7580690734276192,0.5959977890331105,0.5104562951492349,0.6526327594278144,0.9031325468701145,0.19378331611943,17
0.2253187123683944,0.5967437921708962,0.4308466051969823,0.6257950347295393,0.9979558808201384,0.508300373284441,0.4795791007653759,0.8160180357345792,0.35951147477687145,0.5136485472726554,0.5510630911260072,0.49523501980677853,0.6335043928027801,17
0.1984257795418614,0.6006501488786298,0.4513699706621961,0.0566121218771527,0.30559246486262226,0.2601397649831588,0.32935331078298613,0.13110415984892465,0.4980964748845226,0.3440224644731228,0.7571932886942838,0.6900354642885275,0.33269661551145846,17
0.1719028557973695,0.6353429671920671,0.4435902137468566,0.8216537558911863,0.4184449513424999,0.2948555903232625,0.576996033224199,0.7936295366905645,0.08464524168273432,0.4284818297647349,0.771848936365458,0.5070242497690857,0.38945160884393554,17
0.1695650711426553,0.6149643510803944,0.4269960184409053,0.7465763832390928,0.5135732916516391,0.8605680161931385,0.9737820838257838,0.6825342206424707,0.21343385241459395,0.5447233357431261,0.7400536658213887,0.804443848826436,0.5076944171125902,17
0.1701200847657169,0.6480181386073702,0.4361509849119865,0.39939845828575593,0.0503962435713341,0.7385784975087779,0.754211060514076,0.7696282043071075,0.3742996873847085,0.5801423762954967,0.5173057200399549,0.4397233141648713,0.7110742118071397,17
0.1940193077466446,0.5864452153959625,0.4257517812238055,0.816891081408069,0.46359435016693573,0.6489321275025958,0.677885568971492,0.19744312102446948,0.5256273756529625,0.6689729362321921,0.33443247985281155,0.4620129426886339,0.5510882042801872,17
0.1999058158700258,0.6192258311251946,0.4466156747694886,0.7229111056592278,0.09049045129689537,0.9459886458331525,0.6414045664005955,0.9889993271153902,0.9272108035271462,0.8014830968256423,0.560146992949957,0.0901992773179071,0.25693202623502354,17
0.1912106024420599,0.6483459447646625,0.4227394174350377,0.12860799300058823,0.8636058405062645,0.09277965797259946,0.6120885357598408,0.7478897462092666,0.3585667511105166,0.6726480562505849,0.44345633765396064,0.32032448161587107,0.2329539272563227,17
0.1804803390628678,0.627448302237277,0.4212332355406538,0.4622005976264987,0.8864794224969517,0.16544287564941018,0.5395680431170109,0.47774196619406983,0.7215041655291429,0.30856474536396283,0.18748238472130102,0.31595777967539224,0.3048240373877856,17
0.1904033098994247,0.6257546370912667,0.4410362531433361,0.2682098218868574,0.17544094887778294,0.8080960001447739,0.7501504523086919,0.5915595746357456,0.7833640671702703,0.259283242702478,0.2905963823762377,0.6649392971125998,0.3744353830867973,17
0.1973662080796528,0.6451771519108367,0.4394121961441743,0.3861410725485813,0.1444922889917728,0.6246870156858317,0.06380384704958453,0.7140156036067465,0.6633142050202426,0.3342419602870833,0.5842095610657825,0.637160218493019,0.42045693159080744,17
0.1847018063170641,0.6829294943590023,0.4337410938809723,0.4299165885946752,0.5358654117775979,0.11647225734585276,0.41076318188265715,0.08759707636748137,0.467986513556774,0.2214821758804158,0.5968557038923001,0.6975563476494963,0.24691327214061357,17
0.1847522621009787,0.6264648837654001,0.4171468985750209,0.3249475615359154,0.13328725718557344,0.6676228608657088,0.2410553680603975,0.8933708315733366,0.7871466343082558,0.4478004143785484,0.6148662613583095,0.38698620650922533,0.7229530518567451,17
0.1929933734737124,0.6072335892042505,0.4623454526404023,0.16549365320291265,0.033399842954751846,0.4330231678699159,0.7800992459903128,0.7104856301416912,0.3748686550706757,0.7209394714580958,0.33411711271532,0.15795221666674258,0.8668013367561246,17
0.1968111944565911,0.6578250061463654,0.4227918063704945,0.5386128130089936,0.01362510939397188,0.1778515691005227,0.37412364936200637,0.09374099089757948,0.01794766760923007,0.6776779867734789,0.47168167470604194,0.3605534181326848,0.19854014778931078,17
0.1934138383396683,0.6494932663151856,0.4434723386420788,0.5111305477386865,0.6353234854894142,0.5406488391861649,0.9390689152385608,0.1053140545534369,0.7957132300071705,0.7883363941842451,0.20071356682067237,0.6692119498158815,0.4173258640440842,17
0.1973493894850145,0.6305078263720053,0.4270746018440905,0.04926118666862955,0.5669543243877372,0.3181006692645245,0.1338058800291062,0.5946961296909967,0.6297625090334549,0.9127345243799697,0.347052356380531,0.3753994335183477,0.7667266614457195,17
0.191294695415251,0.6223399896194717,0.4481087594300083,0.32803060204434986,0.74742255941424,0.5057688222105376,0.5905050957481898,0.5213642054944136,0.24727390772036778,0.5885453646034019,0.6054868931320591,0.6465991880056857,0.3691361888785307,17
0.1926570015809478,0.6444669052367034,0.4351555951383067,0.594788923523574,0.025953456504934302,0.7807595497008849,0.4965817565339885,0.38406604685571755,0.732451190143766,0.6004706892907866,0.41115970294490917,0.06944115326682276,0.8839799654117296,17
0.2068855326448921,0.6114677520692763,0.4445725062866722,0.3089868499588473,0.16864840509999046,0.8315228608054294,0.5610226035949296,0.18397792924428324,0.5989914282873914,0.7928593462167208,0.48449384392417744,0.42930254411306673,0.4668909681589429,17
0.1826331191765615,0.6569235392138115,0.438953792958927,0.9517420100192429,0.013989603802874395,0.6846299692418907,0.3373194329245559,0.3335548058865412,0.6782665798381563,0.30463122854473007,0.5676996374419014,0.17738360887198404,0.6890423694631898,17
0.2001076390056846,0.6277761083945693,0.4416125314333612,0.283665056528314,0.8543691221547137,0.5025902932345225,0.1875079346917019,0.6568399766560654,0.36406245383798885,0.493763842149816,0.5755839454755524,0.20317790390352725,0.4343330106618453,17
0.2107874466009619,0.6352063812931952,0.4456857711651299,0.057618385610359035,0.12489148342890655,0.8900209754705974,0.7800456097319389,0.9167083975029996,0.5299415713583765,0.367943447741883,0.36052823458412464,0.9661811445697976,0.8798457403117468,17
0.1573547714352988,0.6900865954598847,0.4336232187761944,0.8857030702307248,0.1290766842964789,0.9756290297899406,0.13331942045550094,0.19213622387710194,0.30474137584648064,0.6061826536564124,0.45012179996015583,0.892357642489211,0.399597482453676,17
0.9539675064751588,0.1491244843882317,0.6276587384744342,0.15119929290922973,0.8504290313597289,0.3523289434004727,0.08811781335687796,0.7393332458059126,0.1324817174714666,0.7155210705801863,0.7638367227391756,0.5013006058421549,0.3301358194578639,18
0.9323892495543072,0.1361215068156363,0.6192765088013411,0.8935958185668239,0.4480464753258806,0.8937809909215307,0.16811306422099814,0.10853103517027785,0.3883037134306838,0.26821722377712715,0.1434833201631275,0.8380590175089851,0.6035639376069019,18
0.91866527632951,0.1196765645914715,0.6101739312657166,0.27287531809940835,0.7600424091936557,0.5916107981472899,0.5781464362324281,0.5458104651332786,0.15114940351638967,0.473150078951291,0.6101622268168676,0.4048367523793774,0.4268943330016443,18
0.9164452218372632,0.1908651350834539,0.6164475062866722,0.7480829885168767,0.16643922246373477,0.8824887182958973,0.9696146326496988,0.30634844982635157,0.2792871881007736,0.6743497974494372,0.448340008196167,0.5747558227904997,0.233080608794961,18
0.9454404789935752,0.1266697626137077,0.6005867560771165,0.997066756218269,0.39972291721034725,0.7185060409782669,0.12225455804653595,0.3807627597987501,0.941761390720281,0.5674546278952859,0.573242606580931,0.7586493132870777,0.5598054543824494,18
0.936509805240674,0.1550249952194935,0.6098334031852473,0.5095466199362771,0.8430857319021509,0.8176658475940116,0.7820970802166878,0.6942463444832585,0.14564252459922747,0.6845788620997265,0.45534276569560095,0.5006461688556063,0.37533850322724316,18
0.9219112650946886,0.148086431556806,0.5999842833193629,0.035853744624365524,0.7464231059540436,0.2248987636404196,0.972388548105701,0.8959557230213285,0.4364824038574398,0.6771564465185278,0.5743064004601628,0.621918559717546,0.13162102235180642,18
0.9157556594570956,0.1371049252875132,0.6191848281642917,0.44862827975981,0.6265921455956697,0.8561627162534372,0.278390342697461,0.6152995303517225,0.25250717048995674,0.5040867435463021,0.5213389700748461,0.4305002862754341,0.6449164031648358,18
0.9042012849406302,0.1352746742426312,0.5809278080469404,0.460593626062763,0.5869571826055109,0.9830693200168061,0.2628753484735511,0.3363729437434466,0.5593105420268788,0.19098031498708448,0.671785680992908,0.29605532500951326,0.7308301782563525,18
0.933532913989707,0.1152238642882508,0.6127409891031014,0.36467152636933475,0.6939256626223198,0.696695247731219,0.09196860595670597,0.13819793288298265,0.23235863202516496,0.2844020335971402,0.8761568114725813,0.520585002530478,0.7923694854191333,18
0.9009384775808134,0.1437429999726828,0.6015821458507963,0.1861458502189295,0.20231857539532527,0.6500072272131341,0.8518193012701646,0.9901273971539213,0.9852112212830983,0.4402234120096303,0.49693890653937856,0.303915271231707,0.4710795866645374,18
0.9373339163779474,0.142240555085093,0.5950597233864208,0.3172990965838558,0.766744973979515,0.0116002544285424,0.30871556784660037,0.7437748108929945,0.7566419916847594,0.5657756165041968,0.3800934911116429,0.5465776799703871,0.23644029441008355,18
0.9229708365568972,0.1832163247466331,0.6232711651299245,0.72588989142042,0.963587326887851,0.9652802961230044,0.7858719847042345,0.8510081319446988,0.05898510458872409,0.48709566507915364,0.3524940333981104,0.4273787044523896,0.9182291643903829,18
0.9379898415688384,0.154533285983555,0.5996175607711651,0.24205308462489894,0.6256613415372584,0.9549605838522767,0.7416075410715857,0.9677707219755723,0.6121202759548842,0.438343260410698,0.6463415507479966,0.34312105030668416,0.4149642571239247,18
0.9352988664267212,0.084737891660065,0.6124921416596815,0.22151108005060482,0.4962708399028747,0.4318838953753752,0.40262436076802843,0.7236185369228029,0.4577934216490014,0.5150891558839821,0.8005466455323716,0.5944120791034585,0.41998911157661223,18
0.9213898886609034,0.1434971453547135,0.6240439019279128,0.3199692776237276,0.20965972771395558,0.9374554534621815,0.1601095062188621,0.24760902588894762,0.5329793386168287,0.3555452617781692,0.8234675480919307,0.29529422643390435,0.8249226358710092,18
0.92113760974133,0.1162345999399022,0.6099119865884325,0.10376738651640638,0.46675623621497675,0.770996731414652,0.2517788503743733,0.22690396276429103,0.3806520606114901,0.3060944506565546,0.17794407864484568,0.6773292001041603,0.5711023391206463,18
0.928689158733896,0.160679651432786,0.60118922883487,0.6529040400726756,0.926207990338653,0.4554392289057426,0.19106973559522689,0.7586038061388231,0.5381483512046521,0.6406463753524186,0.5087304145167918,0.5795083265853239,0.38002367029872475,18
0.90315853207306,0.0875242439970497,0.5963563495389773,0.5404880732525121,0.3040907533911583,0.8628194261881957,0.19981452178114567,0.46221989691215415,0.2919932218837683,0.05904572542506737,0.5121570263833795,0.87317595434422,0.3118298144840542,18
0.916579770594369,0.1497254623432677,0.5996961441743504,0.6759929858947862,0.633514493565323,0.3625910812089119,0.4172755277707313,0.771568594313637,0.39471568514264765,0.6261249865290769,0.23938546384212014,0.449703888245729,0.6386188834059551,18
0.9387130411382824,0.1243204851531127,0.6062971500419111,0.8439919308826194,0.7085528569972477,0.6840600838605073,0.001680304217585249,0.2926884908743923,0.4977321624002832,0.34530955926981305,0.8041406296649498,0.2689230168495618,0.2713475884077844,18
0.9550775337212822,0.1050072390526402,0.6096762363788768,0.6383283408004468,0.6430913621438878,0.7737076724259917,0.3010757585023093,0.1657821546737137,0.8761888421455725,0.605220737312696,0.6811346595000687,0.33260476146668616,0.16893314350070057,18
0.9367620841602476,0.1479771628377086,0.6155437971500419,0.7132403979159804,0.6586012354909946,0.6862019559572907,0.8868381860534462,0.7310499571965053,0.43237779559290085,0.3463915320385615,0.732283860152368,0.6136063405870343,0.8202463696262766,18
0.9173534259477276,0.1502991231185292,0.598975796311819,0.4103548388176127,0.953785009566945,0.94906484949392,0.4577264158121709,0.9582145586765839,0.7876886365806184,0.281883591574112,0.8101943324161971,0.5212780837391331,0.36853730408035107,18
0.9149820041037372,0.1363673614336056,0.6221317057837384,0.9475847059846149,0.3490309063899011,0.8292405495881948,0.6896257100191405,0.26557693821339734,0.5872279724516911,0.6000050171697268,0.3626501203001792,0.24313774755486794,0.5484147187339455,18
0.9208685122271184,0.1768241046794328,0.6188443000838223,0.68062804461507,0.06783261514508476,0.7154445850794872,0.4734139520043672,0.17161189983933878,0.4224561903334678,0.5145503023945613,0.5451180970197921,0.6932810450764801,0.5543828161689948,18
0.9344411181001716,0.1528396208375447,0.616499895222129,0.14064231703644092,0.772719882394036,0.8970591166304906,0.09135722250510092,0.3561966475442502,0.34175176039591476,0.6967248141919993,0.479743266453351,0.3702092434042233,0.47172492809045974,18
0.95157926603653,0.1971480864315568,0.6059828164291701,0.5056664833959096,0.30164310444098263,0.53675357800811,0.36523431852547517,0.9161042686432243,0.6650512475168281,0.12432477708922694,0.5685791049393983,0.3517778384779999,0.6404644410340237,18
0.9361734333479094,0.1312044144562515,0.6089165968147527,0.6026747505851128,0.6013627627905209,0.964681388663519,0.5856373826958058,0.36678239515844335,0.7948189942326663,0.3987478323786189,0.44349901745398124,0.325588501826445,0.3855966807020308,18
0.9129133169632344,0.1412298194334417,0.5995389773679798,0.6718258504655098,0.3173520648767385,0.36714639147533046,0.4830203494586065,0.6380435896779967,0.5635518001864139,0.08897936924046297,0.29961865665991955,0.6334106855804631,0.7571937492457609,18
0.5021864173029701,0.375064878301964,0.7714794635373009,0.7229679930927985,0.5174642692192776,0.4719754257065384,0.28422105700451217,0.4751202079204597,0.5437236507255642,0.2390798499362397,0.19124027515750724,0.5318489026120227,0.5769685552195559,19
0.5077197349389484,0.361706777392302,0.7368503772003352,0.25275745306672104,0.2936311531421406,0.9852247626165286,0.7731398736983228,0.12113513843861135,0.5971618670997053,0.6382638799315378,0.5151232329319009,0.43841806094195185,0.6345323718724982,19
0.5063742473678899,0.3546862621902914,0.7491093880972338,0.6492435904708715,0.28684375049134014,0.4842234889417999,0.00813120257420008,0.5679338145838356,0.6683613199510714,0.28495785216772324,0.6600456262314195,0.6504838506277826,0.5414416662934345,19
0.4909684146792693,0.3613243368754609,0.7859911986588433,0.3413339468416281,0.27939945737223526,0.8487580173554325,0.7865704080864886,0.6556712924387658,0.042909387365917095,0.3894322855937163,0.7063931136683999,0.1891425977347215,0.6863662904024878,19
0.5119412021931447,0.4266397137159559,0.7454814543168482,0.7206579247861359,0.3084421387243659,0.2682448854439755,0.16207096237820984,0.5458509639546166,0.4383994364691588,0.43374864362512094,0.5272343172681558,0.8947542270900516,0.29478874205433325,19
0.513774429008712,0.3608872619990712,0.7388673512154232,0.5857697905193521,0.3718135671759698,0.5344704378857871,0.879596660680492,0.46177258380734276,0.3829807748058368,0.1326973611057753,0.7074003409085636,0.2628223059756578,0.436451488434767,19
0.5186686400484375,0.3727975523806922,0.746725691533948,0.6014897279235795,0.2486489611719669,0.9706163098103096,0.8639058469502626,0.9766141321181107,0.09727429688911297,0.7607968373246292,0.6207627840133717,0.8655863798974562,0.3856476466596087,19
0.5086783948333277,0.3936678777283033,0.756430741827326,0.8624479353885871,0.7695457342759982,0.41756564347404335,0.3168889437368716,0.7034793746793634,0.6228730812002503,0.6441915778913763,0.5677757847886127,0.2910864165119218,0.12534890851471253,19
0.5282552389922297,0.4045401152784986,0.7350560561609387,0.31803104962620854,0.085788531044249,0.19516601372523767,0.712100884050667,0.7184553089281722,0.19317168519468378,0.5733551066062192,0.27403359282885914,0.3328165155982187,0.5092265511219576,19
0.516381311177638,0.3759663452345179,0.7681658633696563,0.7154189101370678,0.4140084417109955,0.09161207552888406,0.2852350719598964,0.03269976829481336,0.7217893724204989,0.4358675572853065,0.5045046676160911,0.13502436959162795,0.8772404948445373,19
0.4960308116653772,0.3789439178299232,0.7649177493713327,0.43658957040903656,0.5859328180780569,0.7604471628015907,0.22590946842932047,0.8650469720281186,0.9455121343087012,0.26909105684149615,0.8020160906520577,0.7021241695997662,0.5318493430999035,19
0.5041710114702815,0.3828502745376567,0.7151351634534786,0.7713454589567156,0.5786839590132278,0.4613251143499587,0.7517190918704255,0.3109418074137944,0.4869847475482447,0.856769668687509,0.66840485094713,0.40258825257218295,0.5552659931589492,19
0.4930371018197719,0.3317671483596033,0.7452718985750209,0.5993053450822722,0.5916349034107948,0.5766092368429109,0.46442806053505314,0.4732106604034517,0.755464144337344,0.2980884974992819,0.4844415234595847,0.5541058001749345,0.4337617832927495,19
0.5082579299673718,0.3776600103805282,0.7395091156747694,0.2612043558096878,0.22173838672789825,0.554155419841672,0.24798495765617812,0.8451547835776416,0.6046843905394919,0.39043655917287823,0.8145508766001007,0.19566005599464933,0.7234832653782727,19
0.5040869184970903,0.4163138197612478,0.7592859388097233,0.5693235749680564,0.4530742496572665,0.256681900332817,0.016535267302327128,0.2863434723823034,0.4090128132464356,0.5249129808503347,0.9336382048644953,0.5560398629036857,0.605037791090781,19
0.5246896969289245,0.3574999317070505,0.7357764040234702,0.8378045883347691,0.5473899598636041,0.9162376443294239,0.8114668979939729,0.4725401174927929,0.4981853254805222,0.3153134090674478,0.2875954460010413,0.4241575535522035,0.6638150828433838,19
0.5272965790978505,0.4004425383123446,0.7495677912824812,0.9466192257145705,0.97021500456592,0.10092844060003936,0.3125790477984267,0.13983251891602244,0.26249558878873164,0.5398140725820405,0.8217572429757528,0.5225015375643417,0.5940457090127343,19
0.5134548757105856,0.3601496981451634,0.7629531642917016,0.3380670731498536,0.6915573862151637,0.3758646603609461,0.17855598850144638,0.04696402954826362,0.315306745505931,0.7238967468277245,0.8054228654095502,0.8177164191541236,0.5870515438948272,19
0.4966867368562682,0.4232523834239353,0.7419321039396479,0.7340892878080543,0.8660210781370701,0.35293245243541393,0.6033811125206248,0.3109670625375909,0.49893769406460803,0.5413568751617625,0.7508039612251356,0.5664846352098992,0.6981983838976994,19
0.4730229742002758,0.3693829049088972,0.7351870284995808,0.04906869212892773,0.7203757761707983,0.8480642849699782,0.6276376044272042,0.8863508499907023,0.4001214313625208,0.36801615733446064,0.1764690815391293,0.17569553013190412,0.48551535303016985,19
0.4933230179286218,0.4028191329527139,0.7552388935456831,0.4781142012324133,0.9197573555061829,0.699879938436058,0.8913533386926961,0.7816237771830918,0.08652922727735066,0.34944062885916033,0.2603881927528223,0.6315722825136969,0.6099301164186782,19
0.5125298530054828,0.3889693228071134,0.7407664501257334,0.9619367579521505,0.033275086029823764,0.885298493990481,0.30732123997014293,0.3409295682505822,0.9339849799978378,0.6101456360675346,0.4668476008130653,0.59236689155909,0.2678400416023376,19
0.5130175922499915,0.3716775480099434,0.7536279337803855,0.8268728773604187,0.0650101832741301,0.4505455688839566,0.38876365149767167,0.5939010896257708,0.5972038687704083,0.2954646708444278,0.3475475495209861,0.18969495378732246,0.16999065802155947,19
0.5125634901947593,0.3742726800885076,0.7288479673093042,0.5302834074015518,0.8970073640998043,0.604339114541817,0.9642644717909399,0.5483330675099141,0.6038049407358601,0.6007343745436929,0.599871622761877,0.33685668534511554,0.6328017530100902,19
0.490077029163443,0.3799819706613489,0.765755972338642,0.5523629750519707,0.26744642701149424,0.5898571976413318,0.18851299320260928,0.2475463830109168,0.5571192223873667,0.23394898696237695,0.3852496692637868,0.14852783361924346,0.663189056950962,19
0.4694406135423323,0.3987488731663343,0.7556841994970662,0.009254611559589732,0.15452022270302845,0.8587165969806139,0.7590693525465083,0.9149334534101772,0.45886212909979146,0.1799933744792388,0.24953016798643235,0.6354556760727258,0.6474216248431067,19
0.5035823606579434,0.4193733438959761,0.73627409891031,0.7406230451980466,0.6109076356272695,0.412870421256204,0.9170199138581963,0.47462480521494965,0.6945183255372606,0.6857551813561664,0.4021780434526491,0.48459579994632346,0.1216930349333222,19
0.5074170002354603,0.3509164913814298,0.7438181056160938,0.3680155863163248,0.3461648710633287,0.21829382448099788,0.5438354565011168,0.6307394918433995,0.21513455993952932,0.6250002470310196,0.22378038128060984,0.47715464426788085,0.3005882439718349,19
0.4907161357596958,0.3639741033135739,0.7487688600167643,0.9267577288700887,0.7330411165253244,0.12208587740487198,0.09622982466629826,0.10307777168664323,0.4780732541456804,0.7592803459006938,0.39678930987911104,0.5392928021937882,0.6335298768473228,19
0.5101416125668539,0.4562788537711366,0.7503929170159263,0.5580880540277772,0.5248912373970953,0.31269973885580826,0.13517883435383737,0.7958131918485626,0.7031599262917684,0.4215459668073358,0.2176647582588499,0.8834115198940553,0.5477870059592868,19
0.975142117124693,0.1407654273772775,0.5665470452640402,0.5597835517291795,0.18572889970652384,0.14455966747144755,0.5184593462659739,0.353889719020266,0.8604208182736327,0.4624036666003447,0.4208066403710075,0.4741558535494323,0.8684706293361261,20
0.9504860573850448,0.1274892780069385,0.5689962279966471,0.8641652792107458,0.1379654310884254,0.11953855446150063,0.5275700942312395,0.9592598245260378,0.488446623042512,0.5899073350881158,0.542514295339814,0.29083087230196625,0.5121100987850399,20
1.0,0.1451634933209495,0.5704893126571667,0.11779103756064235,0.5269469930428541,0.5273672072520935,0.40752284958007845,0.5412884299963683,0.6891463657230796,0.5293371134835729,0.1681458388946173,0.05392437889065481,0.15567430139266916,20
0.9610817720071312,0.070778812795367,0.5606139983235541,0.9639988167799816,0.22977896985251278,0.776665507235158,0.6054610587890747,0.8010515728749065,0.7243807118093131,0.13729845359143983,0.7123987354527725,0.6641973879652944,0.45794749707295473,20
0.9850314507719736,0.1088043270412762,0.5537379505448449,0.03717132590237904,0.03668923350988451,0.8783456836559637,0.8175161471155387,0.21409327448908844,0.5476902849860286,0.6591465712464156,0.7125564986304639,0.14781917082992627,0.07063706016500926,20
0.989858387433146,0.1267790313328052,0.5331490989103101,0.4499145619842765,0.7782753243652847,0.6738251079529363,0.4210371955701192,0.5637528991417774,0.6122954672611718,0.23174985307171284,0.8599599431592776,0.2209030081560321,0.23638332908485554,20
0.967960577214168,0.1497254623432677,0.5665470452640402,0.33019943060767154,0.719309677723605,0.8996722254571431,0.4464470077991922,0.5939519093346067,0.7725329107139267,0.2609645622416605,0.49674100026352397,0.3345657411720958,0.834995021594519,20
0.9495273974906656,0.195044663588931,0.5700309094719195,0.027926688924992726,0.5192103270513898,0.2790203836570859,0.577832523895604,0.6485363269455445,0.6964896160993386,0.3050781343743745,0.624869963547458,0.8196929867518989,0.7409323847862245,20
0.9879410676443876,0.1248668287486,0.5598019698239731,0.9463785169107775,0.9870564002713275,0.5217737286013183,0.4273588983547235,0.9473310435329326,0.8192797755876934,0.7290951076996559,0.6910903828995127,0.1726087612659813,0.17618725018343454,20
0.964495946718692,0.1073018821536864,0.5454604987426656,0.9161820140457939,0.4834798644859799,0.17204294901656247,0.22303645619457468,0.7794218427029415,0.3134019420682517,0.1205590502558477,0.9681450002016176,0.5041620113086092,0.5725059961013307,20
0.9507551548992564,0.1233370666812357,0.5397762992455993,0.08603915217568825,0.7172650912027716,0.7400093556834113,0.2124678810506958,0.056409456190375074,0.12623856945220302,0.6702851130400598,0.36507777165867716,0.5338847705024754,0.7177688519258643,20
0.9804736116250126,0.1533586472532575,0.5360697820620285,0.3778873137890273,0.7966227946815132,0.011175863456750368,0.8931494937082238,0.3797644825783534,0.43822993106257485,0.7892853623786222,0.10232125731052445,0.32302915076373173,0.6313385156009437,20
0.9728043324699788,0.0903925478733575,0.5735147736797988,0.6598991171652075,0.7018301505482223,0.8451951161443114,0.021806408876138716,0.08073331797280103,0.5291986030639738,0.14436612177875102,0.6276092226834695,0.0631384004110821,0.09749562284683727,20
0.9803727000571832,0.126915617231677,0.5577064124056998,0.5072308068698482,0.4478561164309669,0.38607758503310186,0.2423637769454563,0.1982792748943495,0.40195709127275053,0.6107674991650421,0.3150346493931985,0.771893625429583,0.6571239340274887,20
0.9940798546873424,0.11440434889502,0.5556763411567477,0.9357575437482394,0.2793199127195167,0.1708742608159004,0.10533752774564353,0.4180150529889448,0.8307940119007963,0.6356900417372299,0.14633419769294898,0.8425289662797648,0.5695422976201269,20
0.95766759729557,0.1738192149042532,0.5670447401508801,0.3296302248375803,0.7197265443568193,0.5139490773684783,0.7326458724742929,0.3413315068116075,0.763717153306926,0.3853482634495129,0.464074203027757,0.3688496988383738,0.582771830359622,20
0.9621917992532544,0.1306853880405386,0.5581386211232188,0.2604573981191983,0.981030617430754,0.13459074428411288,0.9338592141764885,0.8550202145628997,0.606413212952395,0.12145520121743461,0.9050137682914606,0.28153371854932324,0.33754137471599854,20
0.9812809041676476,0.1634933209495451,0.5520222129086336,0.3225983938539905,0.6764446332858925,0.12835618065965793,0.4801074693143166,0.8479249087377599,0.9326019490009378,0.6592052060262714,0.2591468487878825,0.8095528809208831,0.6075742998051679,20
0.961889064549766,0.1539323080285191,0.5668875733445096,0.482985578383364,0.4050914273787899,0.5967444065010793,0.43571844530399906,0.03078336146177041,0.5320503569433923,0.4888106619182419,0.2557253053911125,0.7286907694104159,0.2899992899287709,20
0.9578021460526758,0.1957549102630644,0.5269148155909472,0.6007714299120293,0.3841028902997897,0.32729860775770436,0.3021122906891096,0.7466099153335264,0.4291767435726637,0.27986875317127446,0.7373424464039261,0.9483094849696021,0.7637770457523317,20
0.9725184163611288,0.1207146174228972,0.5421338013411567,0.3468838139185122,0.4342913180785166,0.7768741654495007,0.7211257912573504,0.07382575166692151,0.6039656895737887,0.5183802090711884,0.5185545667605987,0.51167977681504,0.7262471864504021,20
0.9832486797403208,0.0550441172453355,0.5501362112321877,0.19701705035800843,0.34561973621784725,0.5350732150998475,0.16451059169626447,0.7846440783855023,0.3277816226084505,0.7434657256596071,0.970884191649951,0.5288938072736395,0.17571926350137404,20
0.9558175518853644,0.1216707187149998,0.5696772841575859,0.8929080066447245,0.6891218272163676,0.8436638460622288,0.9590365669108151,0.4389345876652493,0.7748242406861117,0.7298417262256702,0.5993974821364217,0.15007920566432184,0.2217363079756885,20
0.9758821352887752,0.187914879667823,0.5753090947191952,0.4579079228904164,0.17635080797905667,0.29729760984981934,0.11838347171094932,0.0003608848734129033,0.381037989966071,0.8469444098548129,0.410792391649563,0.30527747531302196,0.3402710587644599,20
0.9292778095462344,0.1425410440626109,0.5649622799664711,0.3487847197079802,0.30307405807488885,0.9940314295818425,0.10194524060085364,0.43526688636625366,0.4641992857267721,0.20823477014466002,0.5151457636741865,0.11446252097569327,0.374794529467838,20
0.997981768643412,0.1100609173108968,0.537366408214585,0.757959293751713,0.6263950546892172,0.6972619344103876,0.1543425684245412,0.8323308550332801,0.781737718354006,0.13884087073692747,0.5877962062143591,0.2571773013540546,0.6793096319641908,20
0.944784553802684,0.1075477367716556,0.5535152975691534,0.5951997535054522,0.47821317567691424,0.11023061988934235,0.2754667632695459,0.7384389609564161,0.377409119573664,0.7427029226914995,0.6819001358051122,0.09656576651544416,0.15109780948509585,20
0.997258569073968,0.0963750102439424,0.5596186085498742,0.17219076933048916,0.9390524870082637,0.4351992286167704,0.22808992259794458,0.7813504674429828,0.7833380238284663,0.5821591709366734,0.2099077512404397,0.028461214004083513,0.3088710618174544,20
0.9747216522587372,0.1319692954899336,0.5425398155909471,0.48998263551763466,0.24533330296968192,0.8100526319690451,0.6996373019957739,0.7814684850329486,0.5054281526481589,0.9242926561372478,0.7104198212689224,0.4239131163433646,0.4140998529212263,20
0.9964849137206094,0.1115087278389379,0.5273339270746018,0.7382007083367461,0.6580356009145211,0.17191074242702764,0.22108614597159149,0.9836887710459946,0.39294501036582324,0.4421178760701361,0.6050800667353975,0.3314446042207722,0.5515202364217451,20
0.3360355208718759,0.3314120250225366,0.305191743503772,0.9721550259408208,0.3452524060127812,0.9321120718650371,0.04672332434292081,0.06348848318783806,0.8450816651895335,0.6012868322671199,0.8674657219455107,0.3123262341754088,0.5265869276565049,21
0.3577483265498334,0.3649575217854508,0.3368739522212908,0.9229567599739595,0.4137790909741891,0.5050682124199782,0.4613428126957835,0.7280859330890149,0.7327497345760909,0.7470829946956062,0.5890810015673285,0.7843058665970242,0.38930527697162837,21
0.3281475999865451,0.3587292047968967,0.3679012992455993,0.4626609240506402,0.5125964526678484,0.5465735999157979,0.8844925897374634,0.9673395340082696,0.541483048136289,0.6288963770440852,0.40897859356289934,0.10991035485557099,0.43816549727100707,21
0.3738605402132597,0.3184909989892643,0.3523941743503772,0.8613391340983262,0.2949055233142508,0.6873114870907091,0.8874498033181245,0.6589404239605414,0.47528677485865195,0.48184617588967343,0.5055763949531326,0.43497770446694467,0.7126097369246774,21
0.3591779070940831,0.3625536099653071,0.3185902137468566,0.19260496043233022,0.4142580358767497,0.12802591410149444,0.16325395282158217,0.21615966150014898,0.25446906548725623,0.5821219981567668,0.5303245691921219,0.3510708587043077,0.4971511422712658,21
0.3471189747384708,0.3446881743928756,0.3248637887678122,0.12101831064276947,0.9857820745652518,0.5687625675991861,0.10825179973507326,0.368859412375669,0.7912742619946235,0.7407184440048091,0.4526427600343759,0.6000804512075555,0.2580066140674159,21
0.3754414881092535,0.3492228262354194,0.3226241617770327,0.8844679479134726,0.2190170900001387,0.14457285974081469,0.8802931985699752,0.11248413566719839,0.030757792591058358,0.3396285752156312,0.5349899875625257,0.7009557776301986,0.39207102322342224,21
0.3695045242019576,0.355259922965553,0.3100770117351215,0.6707083011007514,0.4844623685449412,0.23078195669402024,0.9630817512564412,0.847755638086725,0.7022437319358265,0.7292235722571742,0.27463067930673213,0.1906189150824215,0.7266589630228324,21
0.3411483736418984,0.3713497418526511,0.3370311190276613,0.2775499582353651,0.3847017198556133,0.48609429221948186,0.7838402659490534,0.9333043754504806,0.4483404081704072,0.10577070013336137,0.6405227454795219,0.39269835020555216,0.7152713218255259,21
0.3479935416596588,0.3825497855601387,0.33556422883487,0.9510232482013938,0.3513658589574623,0.9712554915776934,0.637403713437496,0.4700875267745622,0.2419414826956446,0.9380367933993881,0.39106495923937973,0.5706816595528245,0.7942490987948735,21
0.3178714386625853,0.3409457207637883,0.3413401089689857,0.5003641765821748,0.6573083857264392,0.6258398757287189,0.3255753400372665,0.27515285221041497,0.37837914876127265,0.4251030280192334,0.6368304314840616,0.7129847941753883,0.7324269389163589,21
0.3350600423828584,0.3078646160570382,0.346461127409891,0.052414006868015006,0.6799146366797825,0.2841706877602519,0.789095099465514,0.6620181468175728,0.9287927820056762,0.08310698601868909,0.12611748158295044,0.8675956165554568,0.6061612927190348,21
0.3740791819435567,0.3250198049553364,0.3201225901089689,0.6041968398783221,0.9180526598555737,0.038254887925986414,0.9246643923262613,0.3255129877702171,0.27755620170001943,0.7517217667220286,0.9242166183106946,0.6010492548987599,0.33443090840772993,21
0.3604561202865888,0.3514901521566913,0.3307313495389773,0.9469297384869242,0.0435489946905645,0.3385975715341766,0.4173242915074832,0.6981021475442526,0.17912043178332893,0.34883363096677705,0.27635873415643347,0.14179753337154719,0.7375690252332262,21
0.3770897103838003,0.3502335618870708,0.3230956621961441,0.6120027215158197,0.2594781020514053,0.39435202881297926,0.18849242855204806,0.012709744490066899,0.25747665042305784,0.4927972149054942,0.9294248703246026,0.6133258141133315,0.2504740211435533,21
0.3292744458273066,0.3474745267298604,0.3240910519698239,0.21652772921994312,0.29468815576524576,0.8492107835471606,0.2827384280044227,0.3865127814216691,0.3847431054773393,0.8088692371977887,0.6826091655375565,0.7543342242621153,0.11237434313544578,21
0.3494399407985468,0.3718414510885895,0.3506260477787091,0.8291210287249765,0.7848903001064126,0.9922959481370874,0.01531014118590468,0.8818917118347108,0.7647139093847597,0.8427274572757932,0.32443994880395,0.3438792055126228,0.660962329366011,21
0.3612802314238622,0.3312754391236648,0.3299062238055322,0.683637346210944,0.7579697566163449,0.8695015216489412,0.09014940116698755,0.6456309591123601,0.5297497680870127,0.17169521209974767,0.8492482048995484,0.0463856431252612,0.44487043853303,21
0.3646944061354232,0.3723604775043024,0.3073920787929589,0.9109655043852716,0.361713392810737,0.3439085139913931,0.9209306766334959,0.3946250593566326,0.7700966405666022,0.892014615081126,0.6037173028431099,0.8736756820567385,0.6736132124171281,21
0.3231188401897137,0.3363291173819214,0.3399256077116512,0.6221997343007846,0.771597021595714,0.2115033868114865,0.46976415265827964,0.7430111009101783,0.13642833245382516,0.23918450159050003,0.5441503676769659,0.39263341802406804,0.3068996370794958,21
0.3639207507820646,0.385527358155544,0.3318839061190276,0.8156418925936891,0.21681509456648596,0.21303993888524986,0.6635223364621723,0.795476113420458,0.47250026179479027,0.6004935007988544,0.5988584406250856,0.8657891936760781,0.6897111166168027,21
0.3313767701570856,0.3623077553473379,0.3128405280804693,0.4800920570246112,0.7137876246686083,0.4626736785471005,0.6683300838610294,0.23553961196003137,0.25451969510430694,0.7464591321903776,0.4916091962566081,0.8580557063269582,0.4149029763201071,21
0.3377173803356991,0.2860381894173245,0.3302991408214585,0.2558870594301489,0.6234526330859705,0.07098781517971742,0.6152233166301685,0.2892709811675893,0.6520114082387792,0.5505285423645213,0.4178142020931184,0.360614568611683,0.8174345510417379,21
0.3616502405059033,0.3343622804381675,0.3057549245599329,0.25727312458875873,0.4914041264666128,0.0750558156256842,0.5320519607780266,0.5307172752083545,0.7335829801594952,0.278541552140036,0.24941624764062773,0.49385845257509975,0.8021967479577983,21
0.3449493760301388,0.3443057338760346,0.3386420787929589,0.44359979149948114,0.5029930393929662,0.633985842003084,0.28623883862755395,0.6952445101966166,0.047086953470523656,0.16418461362527303,0.3964197007348559,0.6083475336039905,0.1781262592017043,21
0.338070570823102,0.3592209140328352,0.3412877200335289,0.26348680662213075,0.4391363178456851,0.6146817337417837,0.9879671602436626,0.8225477603083454,0.4661493262101529,0.32260735889024816,0.5084317260714867,0.4040222608519529,0.5225062883623328,21
0.335463688654176,0.3781790367962411,0.3167566010058675,0.2716312621917304,0.08141184585356043,0.7142404682042205,0.4623879391569816,0.6115405474259348,0.8612222654669792,0.7718252698851363,0.32757293206224253,0.8488033930345308,0.5439718965305912,21
0.3567560294661777,0.3282705493484852,0.3174114626990779,0.26621812972065106,0.6963669059352152,0.7752338048015197,0.8533263870018546,0.48537112927554893,0.13794694869106974,0.7161432199631043,0.5135337357764171,0.5180610497317995,0.6481440314855073,21
0.3467657842510679,0.3496599011118092,0.3181187133277452,0.9693016484289727,0.04180752227724549,0.615938649370787,0.5298970921388376,0.9088430259399483,0.7490497643752705,0.03574474667140475,0.3989146671708974,0.4056919504925293,0.4525932756605983,21
0.3505163308553937,0.3252656595733056,0.3309932942162615,0.2334157708823954,0.29693264366044536,0.5036178512085825,0.9586952026612705,0.6888002909601098,0.25726958578635595,0.5827288046099026,0.2793357862565253,0.4813123234566699,0.18114856534152954,21
0.5629519997309025,0.3420384079547627,0.6632832145850796,0.3615996231460865,0.6975362927989945,0.6856120976825003,0.702582554691027,0.12117317692540241,0.47903716189359163,0.16384089760144652,0.6066299582448692,0.885424108802762,0.8357780634022139,22
0.5772646237680379,0.2993416559674379,0.6401796940486169,0.36070102936290005,0.9527783185985095,0.9207891531259937,0.15328886010575127,0.2900641265848305,0.6641935359467729,0.4777448621389099,0.22098271583843337,0.35920847504011477,0.07368359205477555,22
0.5885835379595681,0.3443330510558089,0.6829552598491198,0.19643697015243744,0.6989743387963578,0.6722345560447707,0.6695098173586875,0.24767839057015983,0.1834486540327396,0.9797710457579561,0.38397721867566914,0.6315460711767317,0.14513115571779767,22
0.571983585051633,0.2959270084956429,0.6648548826487846,0.28983352653422245,0.98129660233169,0.41440090593699663,0.40046409917085946,0.8979941372193121,0.4287049491046064,0.1933056755212566,0.1577629209305654,0.6549404129842235,0.6355082548307645,22
0.5576373238252211,0.3152675717758898,0.6605458927074601,0.30796448517421016,0.2075080814943283,0.6780706909771761,0.10294319412398045,0.9925197682979223,0.24906167077990102,0.8905886281280508,0.19497865409702178,0.20161684320133968,0.2924805614613231,22
0.5612196844831645,0.2971289644057147,0.6729358759430009,0.35038643766753985,0.5070946012878053,0.7652535573132673,0.5452569993412214,0.2461435965314741,0.5065217194533238,0.5807528427069646,0.6989989884698604,0.27217220553604654,0.1750502791511365,22
0.5606310336708265,0.319228562843172,0.6536829421626152,0.9351587926007148,0.4953378974694589,0.7608633197092698,0.009774389018261775,0.6238906917214398,0.6919352397189229,0.4101984741835072,0.16971809176596228,0.6614988817588228,0.3518606392786064,22
0.5896094722325003,0.3300188488540443,0.6660336336965632,0.17475492455707853,0.0010847612283623187,0.46927636448257315,0.43410076119342333,0.4787727133247356,0.6539765929762411,0.7600504360058095,0.7848138064332142,0.514491303741387,0.2647096374033291,22
0.6007433818830098,0.3266315185620236,0.6527399413243923,0.026744778828306615,0.25987580604332805,0.2187576573903396,0.7595026491731081,0.3924865454247397,0.7719856516535092,0.2384965044771791,0.1255532911695429,0.8155028496944171,0.28010014163359875,22
0.5758854990077029,0.3090938891468844,0.6525041911148365,0.7283337627689995,0.8659492374819258,0.18532348597316062,0.10003494387546796,0.8461229222007703,0.5694584557930992,0.5406401250923115,0.7227075381920024,0.4809034725312485,0.3418650902156716,22
0.5549799858723805,0.3064168055289972,0.6504872170997485,0.6342902654399833,0.8368896613573014,0.8116960527973279,0.54903456743159,0.585173672816602,0.7471845968120165,0.46132202451485127,0.9180698154163702,0.30524401280001845,0.08103203272148109,22
0.5945036832722257,0.3332422760674188,0.6906433361274098,0.9985532265009245,0.5054274375406487,0.17394830492680313,0.8433054230254395,0.3716098362516418,0.8106291255200255,0.5552612368869528,0.29101311492613774,0.8087464125563707,0.5654577226956381,22
0.5881798916882505,0.3572267599093069,0.6789867979882649,0.6834908145802162,0.14442554014587516,0.8966460131194615,0.301823373447769,0.6283524441231663,0.5956339176906519,0.7969354021013791,0.4344632010405177,0.45368196381647136,0.5219658841263154,22
0.5647684079518315,0.3238724834048133,0.6569572506286672,0.023461798585261096,0.8929929991372149,0.0067090290483492465,0.266031443108556,0.9961678960026663,0.24646549692091688,0.10614344436290675,0.8874835352466874,0.7827999287276725,0.45636391111274477,22
0.5785932927444583,0.3371213155953779,0.6767471709974853,0.7308133700869628,0.414690410038718,0.5332767611522533,0.9986153926530634,0.41538774714382476,0.4611670469136438,0.6036718865945422,0.2793267055224963,0.603495262434933,0.6730508060286939,22
0.5800228732887079,0.3199388095173054,0.6668063704945515,0.3373438274811166,0.5723671426335675,0.3512558865230806,0.6879690720436541,0.2249766515601116,0.38220637839078403,0.3418709177019723,0.10489226390138205,0.4814880854030667,0.5686033747285749,22
0.6058730532476706,0.3671155789876253,0.6854961232187762,0.37599186462409717,0.408453728397261,0.7666994479653146,0.6833974135698673,0.9138085290937443,0.13029444867801232,0.5390098357921745,0.258920792893362,0.5449210509137646,0.8972406000555753,22
0.5918295267247469,0.3559701696396863,0.6765769069572506,0.14078081156272015,0.6562338169469214,0.35213517166947295,0.9369632374331576,0.9469069097807007,0.8586331583608185,0.5216206347524995,0.09826467772657464,0.7318366467543408,0.6157474325954608,22
0.5520030946214134,0.3152675717758898,0.6721893336127409,0.7635895324779882,0.5003808465127041,0.2540994679409231,0.5769828545746006,0.4239610155017436,0.6840457368217564,0.36690558549235025,0.36734508399576415,0.8060354865985079,0.6248769607600195,22
0.5680480339062868,0.2917201628103914,0.6735645431684828,0.062038348565910284,0.1749706789922596,0.35953522670438476,0.5422032535775155,0.3580407373999631,0.6527024215954076,0.5029570507936117,0.4986285038834919,0.5072632714285256,0.547253674900247,22
0.5724713242961418,0.3212227169667003,0.6523339270746018,0.010838467599321056,0.6924124933472523,0.4840709064128802,0.597494617807262,0.022698223571407716,0.20451951289199036,0.7744263014432465,0.5758885583938727,0.5531976661005674,0.5166699329070803,22
0.5770459820377409,0.3057065588548638,0.6637023260687342,0.6440667662064548,0.5843064193631358,0.08540082340252397,0.7773178042886596,0.858953585925134,0.3018442116937428,0.5686643087634186,0.48279098112435215,0.3663365737820953,0.4159397758634306,22
0.5992633455548454,0.2898625945857349,0.6773889354568314,0.8055307382987577,0.34715152709047004,0.7225222131854854,0.593717544657396,0.2120204044009537,0.7864760838605636,0.12674728166733598,0.4115642853620546,0.4855910452597532,0.1832443725702291,22
0.6067308015742203,0.2846723304286065,0.6491251047778709,0.14663417643016075,0.20090417510153313,0.7806844934820409,0.4255712934807103,0.8383612919055465,0.13013232715886475,0.7706588186794301,0.42508810631624544,0.2295378839796224,0.4831526196820847,22
0.5716472131588684,0.3308929986068238,0.644907795473596,0.42255972015974796,0.8099742180957734,0.004724274756080171,0.6795286701935612,0.8849238958024104,0.574426467677239,0.8392941887901133,0.7351974462604828,0.393178039652386,0.6367428776229084,22
0.5789464832318612,0.349113557516322,0.6730013621123219,0.7309617899952019,0.13920546243595366,0.9642398535387793,0.002672422657372553,0.3136724376222816,0.5551111899729149,0.30012681882023495,0.6822907218235704,0.5585482818509235,0.6905152693634158,22
0.5818561001042752,0.2808479252601961,0.6667539815590947,0.8802743594372067,0.21267286775810657,0.9954341583096861,0.011786275046092087,0.27240223642718275,0.24066142248552075,0.32769720343522923,0.33331501657884743,0.2756766734240901,0.47969176370194827,22
0.6073194523865585,0.3111153604501871,0.6687840528080469,0.40300300286704593,0.9350811989832464,0.03890350495125716,0.5507580387877411,0.31310813581264396,0.24154556752838144,0.17680903567592657,0.6208470409843703,0.4348758497076874,0.44400512557419103,22
0.5770291634431026,0.3106509683940229,0.6643047988264879,0.4206352388627037,0.4870673418421876,0.29368203694866446,0.17218593623874834,0.5119282649469654,0.6246098525819163,0.7044741430314712,0.816474680755269,0.7221439866555928,0.44818147696492644,22
0.5925359076995526,0.2851913568443194,0.674965947191953,0.5001790798027129,0.14408697896205758,0.7970637177775697,0.14781997482860332,0.4555138878908549,0.2898936196707873,0.5445510453187544,0.43126331263413825,0.7888505348808266,0.636224462580446,22
0.1449931043761982,0.6235692627093179,0.4759010896898574,0.12359041988788466,0.0834135802311593,0.14340831944459387,0.25666343225342436,0.4519345326753428,0.3624526132299273,0.12625954555365362,0.3729513780378771,0.6185450172863168,0.3594437334902366,23
0.1582461569511251,0.6765099571120277,0.4354306370494551,0.7130322230441104,0.6893263942477887,0.7455242536967777,0.8676877257696787,0.9030856377031012,0.3306171160895725,0.5958303230095437,0.6936576302646125,0.6659269417456593,0.6380595704141246,23
0.139392512361667,0.591116453137378,0.4428436714165968,0.057955878097669555,0.820896387678376,0.2869319133948771,0.08315707014863827,0.7289136420925096,0.5817483551213463,0.6929225545079644,0.7101694080985395,0.8188106664261188,0.6291487152863748,23
0.1437485283729691,0.577758352227716,0.4572506286672254,0.21537022680168671,0.646977696602416,0.47592130309830116,0.2476742037126789,0.3584177125581738,0.08449665341092066,0.40490294338874977,0.8607052393912996,0.5614533474826073,0.8332615221287054,23
0.1557906421339432,0.6180511923948971,0.466549664710813,0.7828878783187644,0.08282832909881277,0.06050805818764249,0.1773845625179884,0.10627574121300665,0.30322315946279804,0.2985395660632494,0.5757579827138438,0.4619720563166587,0.4475083905375035,23
0.159322547007972,0.6014150299123119,0.4711075020955574,0.24983118956972916,0.8932322854985506,0.23347914106323853,0.2517017642949865,0.6548765395522572,0.5728550865187287,0.6371503876769542,0.32607195735785877,0.8074229177513392,0.7510163462576058,23
0.1376938343032056,0.6331849099898925,0.4326016345347862,0.13556797397336162,0.7665572101323688,0.8095858849815883,0.7978007300976848,0.12266520027738625,0.35723931713353674,0.6653249336926873,0.6443765579932755,0.26172836980257097,0.4675176923645652,23
0.1307982105015304,0.5922364575081268,0.4801969823973177,0.7649182594351512,0.9181039752939426,0.17949847490882975,0.7510281853562776,0.9216659358790783,0.2623820783251885,0.30692012019807663,0.543664242281517,0.4225371625245071,0.31528544856879387,23
0.1234148474553465,0.6196082716420357,0.4558885163453478,0.8302704239616349,0.6311451239710197,0.8843551354629807,0.35624539423360857,0.13906173079937756,0.3741899995994374,0.4589161098182248,0.41342489362374546,0.48669955744007104,0.2960202196244702,23
0.1320932422886743,0.5749719998907312,0.4660781642917015,0.6969399133781695,0.49460544687976027,0.8947461210746641,0.9159692883095549,0.6308695937056236,0.5370831873018095,0.6771764119208148,0.6358129603852517,0.5874097392249467,0.6356412627803981,23
0.1367015372195499,0.6084628622940967,0.4498244970662196,0.5774538042830221,0.7402234468305319,0.7100644944505158,0.3510124061022363,0.5701271375357337,0.11435289041290968,0.7888335060274575,0.4497624152816996,0.31994194721791974,0.694625407152736,23
0.1081940193077466,0.5949954926653371,0.4534393336127409,0.34609788678858255,0.3019440289785823,0.8430945390090369,0.37034879378677554,0.2998685106277993,0.06456937562452365,0.4430235505892819,0.46029504127346293,0.7287357161981955,0.7344397943259182,23
0.1333209996972653,0.6259731745294616,0.4397265297569153,0.13006943670712068,0.8952874790279108,0.437912068399427,0.7144128084238212,0.11877196495506137,0.14954276446980921,0.038768641027648536,0.5041420927362036,0.671088799992099,0.48293721065059814,23
0.1224225503716909,0.604010161990876,0.4390323763621123,0.052836743992692226,0.12430726534047865,0.15098950906136377,0.7973936072010669,0.05368947999157481,0.5235346351585307,0.4867373403813572,0.6668315597340597,0.7918587541729808,0.7412850300719305,23
0.1430085102088869,0.6219302319228562,0.4470085917854149,0.3642197346240915,0.01787654858480292,0.9042251921114814,0.8122818768002888,0.6862826054409387,0.24139434231203352,0.29768790000146944,0.38060800854347215,0.6047409932557558,0.783872754926055,23
0.1296040902822159,0.6132980031141584,0.4632360645431684,0.967983141438847,0.9024030149063512,0.4905316422472399,0.4037957209296489,0.5727143318058353,0.16886431407593427,0.24232962451661427,0.4850183382354624,0.6396418714309274,0.22480588621269218,23
0.133236906724074,0.5784139645423007,0.4422411986588432,0.6465903911422871,0.5901602097733171,0.07392165818743601,0.5734599147192347,0.4396434723650122,0.5513125314808484,0.214596173075298,0.459365310893597,0.853103459367743,0.7299544792948199,23
0.1559251908910491,0.600896003496599,0.4390585708298407,0.33187567195580125,0.016152821311631427,0.3444820053793185,0.28215525081275405,0.40086116537983274,0.39597099846733597,0.7088711027143358,0.5512444564383784,0.2426305382992663,0.5432368515082847,23
0.151720542231491,0.6394132269784467,0.4486457460184408,0.6588160858933587,0.23709363800038297,0.17265342234171677,0.10541791612114415,0.7398409515542884,0.36573967888445397,0.37090528085648644,0.3905165833000023,0.4266004745297352,0.46442458511670165,23
0.1231962057250495,0.5746715109132132,0.4562290444258172,0.07678069999208081,0.7573260375162485,0.2656850676028405,0.621140832838861,0.4071431990854819,0.362244404767854,0.30589470676314284,0.429018777964903,0.7593938456216514,0.9328353041177012,23
0.1403848094453226,0.5799437266096648,0.4561111693210393,0.48360862530749726,0.32145174879854865,0.6467526805017307,0.2274533133739287,0.6523194412148191,0.3378700294202658,0.47457025474011094,0.6660007802758533,0.5812426829540022,0.20027988983053097,23
0.1342964781862827,0.6075340781817684,0.4656721500419111,0.19680059987417053,0.5638302941011598,0.8036204717776696,0.5480177769902992,0.23950064561926954,0.8036228573755101,0.8200702623241178,0.3710346495558715,0.17157234659529963,0.38623700742978007,23
0.1141982575935954,0.614855082361297,0.4258696563285833,0.7422946672573194,0.38992721993591584,0.7111004138790817,0.8237262943940394,0.9408942247283388,0.6381157072777632,0.7440603934218223,0.8800402918316153,0.3378956437030218,0.5427031143052256,23
0.115762386894951,0.6018521047887015,0.4634456202849958,0.8437443072019192,0.8050683917090394,0.05128998759735892,0.06134881433365158,0.21240487897678495,0.6546706789851126,0.7284255197252447,0.7916942822381124,0.24051619179488865,0.6334011900845535,23
0.1041911937838473,0.6105936023164968,0.4499030804694048,0.35476721522034527,0.9198068859860793,0.005181998268886767,0.8844337035005408,0.04007798086541736,0.4697722164632263,0.8649151255771951,0.5697602803552163,0.16539767340580735,0.9147201787624946,23
0.1328500790473947,0.6299341655967438,0.46056422883487,0.18166724607067308,0.9603644034137199,0.7322969236716139,0.5714376682035149,0.9849536083529654,0.6030623481399605,0.11088504873427751,0.8278347641254475,0.299643006729112,0.6539663292385816,23
0.1226748292912643,0.5972355014068347,0.4094457250628667,0.9040221074041045,0.6733251425582456,0.4143031438681769,0.3118399671315505,0.06679996713747594,0.6715326872516957,0.1975496751447328,0.759292003080171,0.527477928263887,0.27012605328786354,23
0.1145009922970836,0.6181877782937689,0.4500602472757753,0.4032649570424579,0.11030310725069647,0.9580710520457982,0.4772937235286131,0.2246931310098641,0.3755868382600234,0.47354562408103157,0.5583970350450168,0.8003687996299731,0.801659170706661,23
0.1232130243196877,0.5744802906547928,0.4258827535624476,0.3594151269470831,0.44345863510692807,0.0810956415098325,0.10119440881773334,0.7109035445008657,0.3913584783682897,0.2634848730081472,0.08913890051079393,0.4399010346566954,0.38493580214089007,23
0.1256685391368696,0.5490753134646379,0.461572715842414,0.18794714694444348,0.32884577844524954,0.451449580827889,0.18619925439438834,0.3256852297696049,0.2896661885123187,0.3134925542998268,0.3939749646294005,0.6958487161880105,0.39684572048356437,23
0.2983282316929597,0.977408692326604,0.681449077954736,0.6720487214513852,0.9755171137446592,0.7400024226472034,0.7185170467622034,0.7136274298349901,0.48378462709271586,0.5336133251575895,0.32765316610383827,0.822142163198201,0.6346327366790228,24
0.3358673349254936,0.9340836452044692,0.6762494761106453,0.9521525334108358,0.03636804682370143,0.845216994513488,0.4464903791989996,0.4523408562738964,0.6441630674780034,0.6271589424912796,0.29026487421893804,0.5607680516503273,0.46084387271837846,24
0.3157859329274445,0.9039801130931242,0.6800345766974014,0.6917065102656914,0.9883191758986769,0.9451073971446416,0.5864379604823088,0.2884935146032629,0.6341268292646953,0.4007259727569549,0.15142552389905944,0.9178594433570225,0.2879293794787729,24
0.3178378014733088,0.9379900019122024,0.6896479463537301,0.802005849045131,0.9716152659413676,0.2708535254660256,0.451541597217486,0.81364204205185,0.49269091282028826,0.7065275843614341,0.34676006634138384,0.12754373739762886,0.41973074894363044,24
0.3263648289548925,1.0,0.6747301969823973,0.8226994679003914,0.6954272452911139,0.4952572989121472,0.4627687254464167,0.8035974692148988,0.5434469665971167,0.7847854675434514,0.7909076513332951,0.3615538244390455,0.3982970099596596,24
0.3354468700595377,0.9525773759117108,0.6728703897736797,0.9179250908498319,0.3422567748452543,0.3588776178974903,0.7372668770419848,0.15140373719472544,0.7590647773340999,0.4407658684538011,0.7456748886759151,0.6821043501050857,0.6372337730833203,24
0.2993541659658918,0.9266806894856174,0.6722941114836546,0.9172514990281906,0.36208721657554654,0.6892171469468367,0.09777576198336158,0.029242080179029184,0.528438194397819,0.6101800170327251,0.2683836368766077,0.24202140323614016,0.11522554223904077,24
0.3153654680614887,0.9327451033955254,0.668535205364627,0.968608028295288,0.25989685891271364,0.4304558435129684,0.944099063890154,0.39292774086255744,0.6114193670517387,0.7045953542611975,0.10123184926058475,0.43442344631673946,0.7812126952628529,24
0.3216388038615493,0.9620018029338652,0.6748349748533109,0.13993897675362887,0.29341425320724523,0.49689780024756636,0.2942221379762251,0.6530781004652627,0.5529926873423046,0.7030851788952552,0.41201757756532154,0.1742280128244987,0.2571728569047273,24
0.3379864778499108,0.8893381047340673,0.6640821458507963,0.9982837207708616,0.2861639742112462,0.12618212183500344,0.91228895567665,0.2472667432541229,0.7351534111843095,0.3298089488531892,0.24977846678946747,0.43933994001417137,0.780441403476445,24
0.3011705741868209,0.9100718441828064,0.6679327326068734,0.9056421594927756,0.0673200450093342,0.292121122018145,0.2145274171013698,0.5438235217565013,0.20402865281641602,0.25512452390088974,0.722447298185578,0.6616814557711503,0.09161931224887376,24
0.3075280029600726,0.9220640861037506,0.6904992665549036,0.7069156859377917,0.181683866816977,0.3265077959039685,0.8105894045583283,0.8710476338670272,0.4055111500553525,0.2964214647965822,0.8940955965220054,0.5853990568784456,0.4479527181302463,24
0.3172155134716942,0.9673013358100908,0.6728965842414082,0.7211525256251774,0.6952232901200626,0.9676875635543578,0.31183119724435426,0.1503280944672769,0.47198634814542295,0.5639799828423449,0.9065503202525924,0.3956355601681917,0.7525725834776515,24
0.3105048942110396,0.9023410823066628,0.6690067057837384,0.2874901022548252,0.6308506141728055,0.7859669863083909,0.4487093823777528,0.3813499385714233,0.23465060507186095,0.3221455876856812,0.709663905110659,0.7810186039600122,0.3510541482072355,24
0.3014733088903091,0.8786024530827438,0.6838196772841576,0.5547381228458761,0.5494813603665198,0.5590311731206097,0.5117633981677113,0.4305203656856984,0.7116367459377962,0.591056795792018,0.36465949706872836,0.7636544203007596,0.32145165002388615,24
0.2798950519694574,0.8896659108913595,0.6854568315171835,0.6156111016717117,0.28944436711007615,0.36233079178061567,0.789873731976593,0.8347941553531695,0.32082519618112965,0.4711333765782269,0.597494116134615,0.38766977515849016,0.5290846119778635,24
0.310891721887719,0.9116289234299452,0.6796678541492036,0.329074395197268,0.21298038403794095,0.5165192153403664,0.3485049481135848,0.2964482776678087,0.623425320727231,0.6279765297065697,0.49956281545832437,0.7826156991223454,0.5885171568274168,24
0.3066702546335227,0.9716720845739886,0.6914553646269908,0.11581939002126262,0.46434647094220893,0.39312899626436903,0.33419126818580636,0.7088481683043213,0.4491893092511261,0.29396187963231607,0.5333650805345495,0.36597261461031666,0.13522741584306017,24
0.2770695280702344,0.9083235446772474,0.708861588432523,0.26950376543545207,0.34112572186279466,0.7035436563076007,0.11185139499483909,0.3666122860902207,0.7467460051040915,0.39079407935877447,0.4011425016766725,0.3789292995298268,0.20331493151503777,24
0.3181068989875205,0.9046357254077088,0.6738395850796312,0.06176803998780234,0.4554638734781734,0.532994216657147,0.9002452185758217,0.32945023632498793,0.41086246839061635,0.4212691779890953,0.6179838786552345,0.6629288906793704,0.82986101368919,24
0.3225974637559285,0.9076679323626629,0.6604018231349539,0.24866180401981353,0.48489380099597945,0.29631122471804583,0.41206634202131165,0.31614606539602363,0.05119752275125925,0.6977899338567881,0.6521872935437669,0.5501097939265177,0.9693697722032724,24
0.3253557132765985,0.895320567104652,0.6779652137468566,0.9703829418970223,0.25174515970133937,0.02723286735407726,0.4627502448915465,0.054575109215157735,0.3889558999915629,0.06695643391128246,0.7210783887350901,0.14170530725225403,0.24776953418627068,24
0.3141040734636213,0.9359138962493512,0.6816717309304274,0.7301378574467599,0.14857426794303763,0.9128152543881322,0.6757343662491493,0.6287980264050818,0.2033334550499247,0.5962181827129583,0.2956257571693059,0.42986779633795347,0.658657527493451,24
0.3230515658111608,0.9228289671374328,0.689831307627829,0.6116966445508004,0.6503617618143995,0.1437492220477442,0.378755544030162,0.23944185510142169,0.42166198094639135,0.5122083548227653,0.9297317228728988,0.4718287215947817,0.35720018511282337,24
0.3246829694910693,0.9431256317097824,0.6847495808885163,0.9992826065821796,0.4962775286310882,0.5726474640634762,0.21951500773587118,0.030671876605699366,0.6833825266197504,0.7228931090126643,0.7206364114144459,0.6521900457389047,0.4970481279123412,24
0.3075952773386256,0.8779741579479334,0.69783371751886,0.6150891842003828,0.09875839341178116,0.0401983266341972,0.3613551437441159,0.43299951411606574,0.5830283716008942,0.49091018991994156,0.5886296485851217,0.3161406715521705,0.08251400852597984,24
0.2930808301658313,0.894255197093452,0.6857056789606035,0.46971622320719164,0.9238101580584073,0.6092218777080881,0.9043987700991142,0.4381168426725075,0.4554468590359178,0.627662078295248,0.6141335814698364,0.4164260379232414,0.6037413955565826,24
0.3280466884187156,0.9399022044964076,0.6684173302598491,0.006334344593567964,0.16392492013181736,0.909847377623232,0.6910870759731165,0.5914525196177357,0.5555946262931717,0.7669701473588856,0.8388713690025345,0.29304768425814787,0.6143512084892302,24
0.2907766827003935,0.9116562406097194,0.6832957879295892,0.010827815483364978,0.15028512515469605,0.7969418802394985,0.8465968755861397,0.36755271057909467,0.43548058197660766,0.23613270569054515,0.46764165621356435,0.5752603305709063,0.9727768799624765,24
0.2961922701739042,0.9536427459229108,0.6763411567476949,0.6703076710161274,0.7927814885010597,0.04552041103737359,0.36919015834730473,0.1948609672124414,0.5207071732067856,0.6429999563655996,0.17021559480924903,0.289082041983564,0.8052921006494704,24
