var-0,var-1,var-2,var-3,var-4,var-5,var-6,var-7,var-8,var-9,var-10,var-11,var-12,var-13,var-14,ETIQ
0.1562911994294269,0.1780675990203521,0.123774383551269,0.2123999332402771,0.2138985153788541,0.5714025946899135,0.4288890546751146,0.5780913011344704,0.20609823213950174,0.81332125135732,0.5934164659026848,0.7433544040285465,0.5289666836391932,0.37905809354424447,0.46149644387310973,0
0.1183057079120229,0.169612159820185,0.1421544890012879,0.131083521000176,0.231125780885252,0.8235888725334455,0.6534725339011758,0.16022955651881965,0.5206693596399246,0.32777281162209315,0.8758781455377213,0.2244086817822748,0.2996973652858238,0.5607747498862288,0.6211920257460797,0
0.0672671265726277,0.2452769682905238,0.1891918728415869,0.1408299075214625,0.1194435814739633,0.24999667668640035,0.9528169091459117,0.9965569925394552,0.04455638245043303,0.860161037286291,0.6384507883161097,0.6807264265136993,0.3707122468557705,0.6283277250473934,0.2780542864577055,0
0.1588055623571969,0.2005299730719698,0.1961549254259247,0.0998064962184833,0.2154643004686595,0.603190610968185,0.3816059859191179,0.28361821790671515,0.674964847134956,0.45683115105830563,0.6913320074144368,0.5574344843660456,0.5932334109452636,0.4504463008805179,0.298532461601781,0
0.2379281670040058,0.1838742292195526,0.0974838664903307,0.0913802412386125,0.1111030961115701,0.6858614854745947,0.6618463200523511,0.1329781447122128,0.7678378139439905,0.9824132490111909,0.1271887958617349,0.437493982910937,0.14432527606371354,0.9126783329939849,0.9116744354016527,0
0.1149547537612446,0.131556208251784,0.2711281289753328,0.1179723794918268,0.1795194112268248,0.9693881604049188,0.613326820546709,0.0442606328646209,0.004055144158407464,0.13397252704913387,0.6459094738858565,0.385231414010386,0.8932558703700675,0.5530964016775005,0.3030932825793519,0
0.1294429689587313,0.1739053168530122,0.1961147237338568,0.137266937124882,0.1430759920866084,0.941002271395834,0.3028605620290723,0.3661456016604264,0.8981962445391883,0.31436380495645067,0.6473859644096785,0.5076332654252055,0.8614979235089587,0.4787348283061365,0.30758109231485237,0
0.1208742413963732,0.1663341034098781,0.1981168766005767,0.1822846051341885,0.1699813699541255,0.5489821840124055,0.43603095762412225,0.06499417612685054,0.5845462257019302,0.8440678976619022,0.7347986329784071,0.3412801959454412,0.22812643821831585,0.7290630290837753,0.6524353656122307,0
0.0905022217411601,0.1812889079048741,0.1393120211877229,0.1886964942511552,0.0825068473098211,0.1564189183874064,0.2242989686860415,0.41287020771484073,0.03692486905862902,0.4966034986165482,0.3342745410188689,0.621124256004214,0.35219920480822703,0.4659707685025072,0.6025114967916138,0
0.1088340916806245,0.1188355061037607,0.2107500515567315,0.2308573058327201,0.1570971875631273,0.8179828644296319,0.6578909387591091,0.5334837356527721,0.8551257407736,0.14968813497140154,0.1007042494763405,0.40107279713919103,0.7171687687288592,0.4651279146457412,0.5803748735327187,0
0.1426544752107811,0.1454117249776294,0.1777336004432122,0.136330541811466,0.1307655731897921,0.5672354768631239,0.3741748177480889,0.6013045471136395,0.11291570189443623,0.7755127010728279,0.29243615611386725,0.6051651626525354,0.23840980845270232,0.8285982119821526,0.3296122702883846,0
0.1285721697042615,0.183580572101847,0.2031752364531099,0.1982240876445413,0.1644110918251977,0.09660583318435267,0.16636374579324753,0.8074497520247557,0.9476939242234907,0.4332315025514858,0.4208191010364537,0.13265411223986598,0.7731956472935795,0.7967089307104549,0.6189494294989428,0
0.1613409752879705,0.1262680438505157,0.1840205493257496,0.1529296053903004,0.1519310488590208,0.41408083174830124,0.24548187614075512,0.274703391965577,0.6172527709741663,0.17846041072072527,0.4786386597919468,0.4499216577719233,0.602813127842202,0.24085898676491,0.5530354895309557,0
0.1653300260178686,0.1688072112751769,0.1638475288315114,0.176202972251171,0.1711419018413215,0.11948250433077712,0.45573485868103825,0.1649378065796322,0.648724831216227,0.821055674361497,0.3325969761525119,0.9046449682942743,0.5718849971437362,0.2189239199773382,0.27248978066800755,0
0.1680764787691837,0.1894439425821469,0.167785564672469,0.1723341628973431,0.1424153151026689,0.7775113893753993,0.48013339022434753,0.34757125622081697,0.4347105489944344,0.005008574909348362,0.7290026374681177,0.33536935701559323,0.28410237973414054,0.5356216134803581,0.29157738662830207,0
0.1503803980854505,0.1249011296550341,0.133056960874149,0.2025518323054933,0.1830053592908993,0.7125732007896374,0.33165722263549546,0.31942323776053394,0.07992503242021254,0.44805592600101607,0.6640983907709369,0.6034290417012117,0.6487697524465489,0.38829535183053693,0.6169408336139366,0
0.1359827347435569,0.1612843429058547,0.2097050060366056,0.158881072254604,0.1240019175895411,0.5828489673005941,0.390586941842884,0.8695455453974028,0.6733532167485129,0.2414082418108049,0.38749404344787164,0.48015174245335523,0.3433207511215978,0.8840253938463213,0.8347137676091377,0
0.1666893833542874,0.1664240433426287,0.1664471218512731,0.1664558852438516,0.166644868579533,0.5253538488765902,0.9105338176465975,0.5201096943214129,0.6021048687389493,0.06277362381152096,0.5451666658079402,0.6166716662079512,0.21842246524967263,0.7539042975179459,0.7615732123915903,0
0.1444864865198629,0.1052765333682976,0.0724280286302949,0.1683209030836905,0.08812778577217,0.48938611652176434,0.4614412627964344,0.4011298800689024,0.4204353581465221,0.5849350493343958,0.323462794473011,0.5855692544547928,0.6847569137207554,0.7309515619072623,0.7298168249064984,0
0.231169254976754,0.1987412688741039,0.154240010793798,0.1909060142387197,0.2330492568960422,0.5386670484231432,0.4898957587909363,0.16579644053220766,0.4413468174535875,0.9686781985609425,0.10286319907566878,0.5949515566240241,0.5271645937060985,0.7248187678437673,0.5874901948220669,0
0.1519018259963863,0.1733671872303682,0.1771853770452623,0.1746878352279804,0.1716476039391141,0.4151736932178327,0.035317829787831156,0.002830426682370324,0.5354184513162129,0.05057294182209637,0.8751031902578786,0.5240242969151534,0.2345622902814828,0.24877805869770503,0.6372806874296867,0
0.1629912477294159,0.2204070332330952,0.2474454591885128,0.1553765478770283,0.2293617915603438,0.09274340534219172,0.10875641262696911,0.4540783303488197,0.9926880657637538,0.48505535080507134,0.5849648517932753,0.5219743404943469,0.45044667336541666,0.48046720889391625,0.4565916450363374,0
0.210025923369886,0.1160543611506431,0.2127495624431309,0.1964348106920442,0.2182465881146743,0.4586402838083844,0.4365108145371187,0.5011121848422556,0.4470874692740242,0.726215200566661,0.6962339401617462,0.5927847478242101,0.001963530390138278,0.4394453756044092,0.41783540569213795,0
0.1193997430734498,0.2041314049928597,0.0876212149615599,0.1876334081601995,0.2591283671941531,0.8979415356273188,0.6978703473377672,0.42331060266774045,0.6495291182373754,0.9095405975236686,0.49737723829247865,0.3291442977710773,0.24126986293241096,0.3214378246159692,0.25648685940680604,0
0.1611843869597114,0.1513144253471997,0.1555131183599519,0.1559898159269033,0.1519083722349661,0.15362734153599478,0.2373424569000443,0.6191120001144675,0.6870199456481508,0.6426002227117794,0.7638147362237276,0.10065211475841844,0.6333120647525907,0.6916889855588162,0.1919406693776268,0
0.2752535527328144,0.156515868025976,0.2349532489117267,0.221373605643908,0.1729615811262264,0.5885285628983279,0.8294231938453709,0.4789429532356768,0.8075888612596384,0.9623558468839565,0.28505705093597494,0.4238642697645933,0.8246558282121292,0.8212292682248771,0.20915615101386778,0
0.1948199355772573,0.176195502447672,0.126503895535234,0.143392437049009,0.1885050618956228,0.43535668292056506,0.8588455784808138,0.7182423791983076,0.8886814943629995,0.04623588619564345,0.950017382894632,0.8079805553672537,0.574279655343787,0.7381544389316124,0.2670074928751167,0
0.1262560592205593,0.1819463906282113,0.2188463884233118,0.2183466091463924,0.1878594906915914,0.9130986448423635,0.7668385355448595,0.9623789273619899,0.98131935906942,0.28548573078687023,0.3262321778806015,0.49435395848643476,0.7540686000867486,0.3014594294322652,0.5757022769599185,0
0.165530233171695,0.1605454305903333,0.160042138238304,0.1630144037313015,0.1660273139771436,0.6700013166466804,0.14127353102702234,0.5951327636887873,0.9195796756956715,0.19197332103443343,0.5892423434697962,0.4418921259443907,0.500236750308169,0.2320984164783869,0.44868130335079137,0
0.209546351293629,0.0942844430535177,0.2315857844259025,0.1688354098432743,0.1691757325999252,0.3498686863671552,0.07974567705000712,0.19465631564517616,0.20770266641880264,0.09600092980546204,0.31402166371204043,0.49847542061988426,0.48917002789298575,0.5350832729341234,0.47299212520988365,0
0.1591935093337212,0.1463659250505748,0.195695652115697,0.1644402269561601,0.1598494817768932,0.9996980377175202,0.8875339549944073,0.46375997262576707,0.7437024470523893,0.695236793364116,0.5416353907775867,0.5803538861448223,0.2982754802250144,0.10423103937300005,0.6842406145899712,0
0.1635453592377308,0.196166929032877,0.2008657188504832,0.2135034577096883,0.1519333928142357,0.522454609889347,0.42348679488615915,0.664073323782122,0.5555198729672033,0.265889827888687,0.45298650995686374,0.42324464019231234,0.45259374641970257,0.5322726545467431,0.2735723561305046,0
0.2238076313946848,0.227203911326782,0.1937994051049219,0.1132472254293089,0.2093685620050163,0.3643255465919335,0.6272667630222782,0.6271288917045859,0.2095937611451607,0.6097729907070338,0.6872100513412742,0.1612515341651452,0.13537974926720786,0.6281167881689058,0.33258694896527236,0
0.0729525079065798,0.1332787849810802,0.1321998395813018,0.2132576842247575,0.1880427713975348,0.8749287603932815,0.8713374496408887,0.6522633075694795,0.07017267325726095,0.42351808992862205,0.6680905234868587,0.6163980359411709,0.4327399882261812,0.18362978064542862,0.4749948092204215,0
0.1512489194220511,0.1503719826041829,0.1467788541825172,0.1809571606820887,0.188094675512762,0.08902228492414066,0.05524979791048534,0.2546980854885439,0.45687376278766356,0.7593995049120491,0.272367763462335,0.9689688954102166,0.387676253165151,0.8949923316286392,0.20329209670168266,0
0.1791079889735511,0.1895815143018872,0.1510142438921509,0.1703211884797264,0.1635879702388102,0.6288415398407439,0.28248460193485714,0.6950690619200575,0.5065069608344968,0.5075296156707131,0.5713575000287521,0.8227672613292927,0.29532988893801876,0.3864239969002409,0.35798393153127667,0
0.2325290696282182,0.0804326663242907,0.1134483053454502,0.2286786823288283,0.1798993155587607,0.2636220634323303,0.441645686622701,0.3415258701814652,0.726546393909013,0.4825965308099226,0.7740454976203436,0.45935823830234274,0.8381801895660227,0.4371539970960716,0.776222341873989,0
0.1957726910532723,0.19147305807646,0.2093871158651038,0.1503907021942765,0.1241783665223062,0.44676557819006135,0.47700809379806863,0.47991137269101614,0.6896387006328037,0.7198476893232635,0.720300212483414,0.6460270219025629,0.47673189599994514,0.19626870901406676,0.2682957215554545,0
0.0936846965243792,0.1772446339265075,0.2250333864094044,0.1499639301978639,0.1830819428273997,0.8010969737326715,0.40525688164589924,0.7935398606099887,0.9647259459117272,0.9923494116644874,0.6115249502691558,0.7528697603194937,0.31112769069979584,0.25665529922677943,0.6832691320465314,0
0.1570617322932878,0.1696472475271147,0.1769020104406906,0.1807017791688598,0.1535078189823828,0.7206556019502786,0.06548864838133828,0.8472865278538246,0.8364569716615516,0.016317818997595213,0.2190976591067405,0.4933992688672691,0.1995452038600599,0.4878221539651387,0.2897054843031538,0
0.172399471777703,0.0890397859729729,0.1138056046704458,0.2068080862759291,0.0881849801858671,0.32766572871399635,0.3220972200771334,0.7404421224932046,0.6103062881081006,0.2823220462034699,0.4564712996993837,0.1592533267108168,0.7749403248049402,0.8550503095142106,0.8159403344441778,0
0.177485515990203,0.17277917235578,0.1699201553731248,0.1732546053858946,0.1810495054128768,0.186365561491604,0.16853039195927333,0.09545322921951538,0.790572738775103,0.9357357476153892,0.42774381079638063,0.6907615690838806,0.2666525483691632,0.3541225308202132,0.24328227393876792,0
0.1829348367121619,0.1828412893314207,0.1588101371498869,0.1696190554085591,0.1645825168494138,0.21987633831820674,0.744912691964874,0.9511437223975017,0.19172722525544061,0.5718944518557192,0.3197265094608476,0.8722523763437185,0.5333891231196348,0.32092586919746213,0.9686494814631436,0
0.1638781595534434,0.152214484253806,0.1846520939152131,0.1536667091210719,0.1722402254648542,0.4393126809218142,0.9748609274965017,0.8695919110882055,0.01604811394571537,0.2013272742878226,0.32697575870210493,0.8752128761402733,0.44743838462229263,0.4744004901666155,0.8834661610682865,0
0.2177925589348953,0.1982917088909978,0.1516119878150727,0.153327215243048,0.118192198005893,0.8479840747120673,0.5742410733609326,0.5228193173754018,0.8098135781591498,0.7640417052117675,0.7451528811207356,0.16764250649205006,0.4947590072515676,0.7374444640107859,0.5269497700502893,0
0.1648433948231791,0.1710168133509863,0.1623171257452276,0.1635462988647319,0.1679859963403776,0.954746349421138,0.326698242651259,0.04765403015638958,0.692282785313259,0.05013804909997255,0.25274248659766313,0.6375744845860227,0.6855269067365978,0.7423347977868422,0.4900425539156872,0
0.1447243448747776,0.1978959424826598,0.1347568536860093,0.1735142290417676,0.1616983130264825,0.5651792240587357,0.8597363526759456,0.39702823999942216,0.6011588397499769,0.17143016139205058,0.30919566471381205,0.7668230738887238,0.49781725441028213,0.5593977190795242,0.39804968744720237,0
0.1388143498263775,0.1358813483640851,0.1580528974649694,0.1897115300603069,0.1637688003758853,0.15773570625048083,0.6060550718704039,0.8644831653341858,0.9998379659971401,0.031138730964896166,0.6949229424917035,0.21959396472493126,0.5403506728609012,0.23203754864086676,0.6361740362810205,0
0.2312380880705022,0.1109292964376191,0.2314067982845921,0.1805506371586341,0.1531374430434284,0.9209823275856519,0.5111182541062665,0.3493556684867074,0.3974146652165286,0.577889456457702,0.4490806313969973,0.5504019615867088,0.13889067830679797,0.8648634932102244,0.3925471961838342,0
0.2005249066255182,0.1572909869699973,0.1314486174725688,0.2065821440008944,0.1335395994609591,0.3476968859110544,0.1455089742241399,0.8655634034033419,0.7064894398362059,0.6098549399645308,0.4417227743499627,0.5735032147152895,0.5700850629840538,0.21296196454907423,0.4676638709318945,0
0.1726771116643644,0.1615443845514536,0.1609788169400759,0.1707220950094269,0.1772770876774432,0.722559030666315,0.9860259041500742,0.17509290094513885,0.8241687672106883,0.8223043071102077,0.2868695211851998,0.6780409780518216,0.3376940583796371,0.09586004296240726,0.67301675831315,0
0.1966877167099597,0.1754967561957905,0.1746185535138776,0.1690677049681715,0.1307135276546771,0.343347824779511,0.5587765910686205,0.4583951040226183,0.1943362585979126,0.4328975725259948,0.7289112295423053,0.6498700969424195,0.35436237851877145,0.9034118001937298,0.6715151920103274,0
0.1744954724876513,0.1752176952818482,0.148854804137575,0.1727243079069958,0.1655344538245978,0.1525588709216097,0.93220312044143,0.1874633777145578,0.6338814511159659,0.5700125055668297,0.1883844354036043,0.39749514458644736,0.16126266050786084,0.4408337363399629,0.4517152636642748,0
0.1542085022821801,0.1318124419615549,0.1488142372983895,0.2245876906136213,0.1281871695072399,0.9746576540880918,0.7935980998050621,0.36019086509285037,0.37611623823833595,0.049898122291304414,0.36997861520158365,0.047534543446417436,0.7559412551397721,0.6855517831979202,0.6330646712968296,0
0.1714400627465289,0.1017665844590344,0.2141828774738851,0.0929762081759892,0.2181503629284893,0.05183772866050185,0.3109734427656744,0.9498307423540859,0.04954204395411921,0.17674323990674723,0.41811979127475574,0.6865794852975827,0.31453028997672816,0.2879874226381216,0.18014938253849952,0
0.194741746747855,0.1818917752407396,0.1571762894896974,0.1750744424471929,0.199308796575005,0.636186112199416,0.36046181496956364,0.1855770297544811,0.9473848480754395,0.04276934560990486,0.877411264302935,0.25665928727669984,0.3545741886935373,0.4244910932647772,0.43132520946428266,0
0.1549533364796957,0.1582814346442588,0.1794305204611178,0.1565992772299967,0.1565775496760635,0.5980596301214961,0.428768925948003,0.3453378882969943,0.19493098178256762,0.16280938810391388,0.5226598643267303,0.32096000432046357,0.5991770005336183,0.6289171792603452,0.06210641810873211,0
0.1771666937905643,0.1565846924947713,0.1730138401909888,0.1084741942597288,0.1052927455501957,0.40562736845647096,0.75234582247811,0.4682266931317387,0.7773161331433892,0.8786623406210771,0.19644233920475515,0.6400614524117813,0.06368618646824446,0.8431189022631543,0.7859038927341363,0
0.1645399830826356,0.1679658367570277,0.1689634761179652,0.1648733070498763,0.1661208432648611,0.1731062370044163,0.879651748956727,0.5814035960002586,0.4206377353752798,0.5133557590973299,0.6043477545292419,0.3308007188487659,0.7130712990043678,0.7304229816270942,0.20151544185346093,0
0.1663748297286435,0.1673928094228462,0.1672249930811867,0.1684653174336239,0.1669011077055632,0.889966798550269,0.391965329418024,0.09429308322523045,0.959738707640517,0.1183786186206881,0.45799768555431886,0.3109714926593243,0.40104547873255453,0.8432075737344571,0.3669727067715937,0
0.1649334902580076,0.1660957824238932,0.1643646549079103,0.1601341926160771,0.1684598019739749,0.10682731436678661,0.7216934981852633,0.31083827259587127,0.28996590177406645,0.6495432693465584,0.1534211441585064,0.43243631686950545,0.14070587583706018,0.6796062699672678,0.4799070468931361,0
0.1891377761260016,0.1521363705895546,0.1205795030978731,0.1414820344996644,0.1319043220465786,0.8914564110269431,0.3455822753433141,0.9072154575721394,0.6197423374294808,0.6078287828306527,0.9149107949395497,0.5951426805578693,0.6710098077421484,0.7772403623089126,0.8288919753292052,0
0.1374227811128695,0.1310878567143351,0.1687723042053071,0.1363405527371441,0.1332789596260659,0.5325268752174284,0.012220350393190804,0.1580535990286892,0.6770672305406121,0.6934089901217156,0.5211012941160327,0.41176634347428737,0.7539324321342136,0.3369786993747549,0.2557894078486602,0
0.1735090855136124,0.1768807792086746,0.1769841831829226,0.1691936913068559,0.1711720243181848,0.09689496092715388,0.6369910296948245,0.47430595829878197,0.5769622095369061,0.3991306989101824,0.5066704114409069,0.319496775126409,0.30459006006229783,0.24759064003043385,0.8087469040665115,0
0.1397617695198524,0.1702997529915255,0.2459084205901896,0.2164665275049671,0.2071430151148865,0.21784631376950991,0.3554669474792327,0.968813388664999,0.18850163089050076,0.8622965034704138,0.11955770399124492,0.899146117685669,0.8087382614042128,0.8044617279990737,0.44824274001575104,0
0.1746190054923385,0.1027487480515095,0.1232783371965752,0.2094133703423241,0.1485512165153327,0.5312451051630381,0.07486637979898325,0.811221242183946,0.017287214496327974,0.8372092651616604,0.22975653383391312,0.49721632821117534,0.34197009310027415,0.8370791742618447,0.4823122322313778,0
0.1413069198330505,0.2007929725524108,0.089210876144443,0.1262791195632683,0.2374104856352748,0.33849770452010564,0.9186190305515142,0.7269942391468164,0.3584253439639181,0.6253309806892837,0.15092808534931534,0.7493228956612048,0.2261999841901544,0.7889864538306656,0.6895431423319167,0
0.1714870581143384,0.1486042579849236,0.1708509651975163,0.1648115748608964,0.1819497834896885,0.9867250158432234,0.1710943357561402,0.20556893294532474,0.2892015722335409,0.8206624180193546,0.7228646996626913,0.9505639653700659,0.36991445622167485,0.11308616784803728,0.7021770662227453,0
0.2300019276404754,0.1292770658637567,0.2058565057156988,0.0866410542136372,0.1642994066489661,0.2469302036330141,0.2463842063123658,0.6147032420712142,0.5845755755569518,0.4187391092907451,0.15752299298732195,0.5806321158985973,0.39708849561491016,0.8836865163528009,0.5493190313222948,0
0.1625229381453454,0.135791882187806,0.1272665376599534,0.1693833247266816,0.1876675464347673,0.5511145648429321,0.03109580371788745,0.005461745881927604,0.02766958503849759,0.05500110004610892,0.8231724681384595,0.6308377212377763,0.43465865824595296,0.7967841829878015,0.3523612505557004,0
0.2241835378537458,0.1738363938944445,0.1221409960501359,0.1846484482511683,0.1433839170185542,0.7707236391862504,0.9791484711904915,0.1246384806420936,0.38527126660502653,0.014628340766279058,0.4789909367644908,0.18678913322341878,0.39416684573112143,0.2079746169357701,0.8667707453200455,0
0.0887865678326898,0.1577593481633752,0.2032309058151346,0.2654707170066814,0.1712788039337147,0.43397974027907815,0.6616696207437576,0.624134409589682,0.9015557620509973,0.5516914886945516,0.4933559992417345,0.5855155440804627,0.7516575368618009,0.6184599513198432,0.342524733626279,0
0.1871089976945565,0.1878981855482121,0.1972718954215095,0.1830509845779437,0.1391214911850925,0.052770187726222995,0.3763269154591806,0.45910460096054595,0.33581483502497056,0.034524086109069874,0.6171782826480013,0.1326786996206128,0.4735395648918956,0.40923325479163575,0.8528687341870087,0
0.2511607490535011,0.1539707460064372,0.1979208227777984,0.2322511467551448,0.2484538434739609,0.6274685223388181,0.48882654273960335,0.709341337628441,0.36458430935415753,0.07055623932959942,0.7225606333674247,0.5395890209690621,0.34856189489469186,0.25436691636740527,0.45296468415311947,0
0.1019325631034807,0.0983328534675247,0.1455256209725531,0.1597116951637125,0.1368366006943259,0.26531356016686203,0.17607414790348352,0.46074171374219264,0.15360512791595748,0.07857627354314056,0.4070324807719509,0.7105415095393246,0.4587208443655378,0.8797201784495439,0.3916224918398786,0
0.2095117670362061,0.150373803114736,0.198845139985389,0.1167157986207387,0.2400069140953299,0.5248990305399446,0.14078755503076001,0.104527008064636,0.12038473999324284,0.705394943194934,0.3170410698681391,0.5857717970650967,0.9216709034259507,0.6533758298837491,0.7973840107612941,0
0.1457340920518242,0.1594930823062719,0.188779732684702,0.1726525847794084,0.1780040487206344,0.806655387093411,0.8097608685754774,0.5757927988444504,0.6352071161056971,0.7536886969020419,0.14439715053236007,0.44781743074729474,0.437542829070957,0.2953130788261261,0.4220841519340025,0
0.148632575356405,0.2393174472173849,0.2437133870698642,0.1722304991726386,0.2060933921590638,0.42765279021542957,0.5097591887856695,0.7130455453644915,0.6338861663386953,0.6088183675731145,0.26356638345876277,0.6187587547109675,0.41348880784955094,0.35626098021266883,0.3692310152768854,0
0.186762206474798,0.0855893231749825,0.2010498379980002,0.1569576736114708,0.2443396410741067,0.6463096008521194,0.5355760083692563,0.21391855289512163,0.30579933420118466,0.6912992137814441,0.6576057257495976,0.8349833991245423,0.3996407332926111,0.3609174656224096,0.1613961935896143,0
0.1473600384197324,0.1539676266914252,0.1536498307326837,0.162094255687587,0.1551129267747129,0.41890885048292636,0.8584281580665825,0.3741219529226343,0.6693537660685733,0.11556706933541094,0.18122118768613513,0.775655002908426,0.804953748679587,0.11658075038030907,0.7561970889193469,0
0.1733111258453774,0.1409425111350269,0.1655206276287896,0.1559008320740114,0.1297552614694349,0.299538340152529,0.8510880430317956,0.17554304677382027,0.6259133230205275,0.027778665742286268,0.4464080989132713,0.33216609178543743,0.47942396059831327,0.6323267732805284,0.548815881354176,0
0.1668783614791836,0.2047632433545081,0.2186413320796269,0.1043405340681159,0.1961971399526855,0.6092864584476281,0.4514225323226031,0.8993990249970472,0.8254559249996858,0.7732033146846798,0.11946823371731133,0.7396728504446101,0.4544225196830796,0.42619561307876525,0.8470513259375055,0
0.1984457179705085,0.1340240111304995,0.1954345270635915,0.1606929707374021,0.132087313760658,0.3386931531627878,0.6690440138379262,0.15476854922727068,0.48977365784682036,0.3893707779530763,0.30919297397299406,0.4383869548997327,0.27313634328266767,0.27627637096581875,0.4730799747958424,0
0.1946926152594408,0.1349737640639745,0.1576588986205078,0.1354693042795128,0.1300414889282518,0.4696596093621085,0.2740920706226495,0.2117196507352196,0.5198510017502086,0.6536205110018007,0.12550800999124714,0.7658264462036034,0.17777302368472256,0.44795272523287044,0.8197727198359552,0
0.1746866424774846,0.1778379672863046,0.2297509237955788,0.101103744437063,0.2368692223249612,0.562767518825868,0.9530307863253891,0.5564492671164413,0.14924763061885926,0.641615189259421,0.09291869548237593,0.7716762590206205,0.41326047108528796,0.786281839403567,0.5172757698912599,0
0.21061751612944,0.2061488274997365,0.153369272820693,0.1069522720728244,0.2289835230038474,0.31657688124926275,0.9385385760468693,0.12990023236884063,0.45765684584761834,0.6737363437900138,0.320092911684782,0.2919831711167063,0.3524164842247119,0.3254591718979454,0.19612032548737143,0
0.2149970182978628,0.2113353389485811,0.1207236600529694,0.2024921920728627,0.155428393299174,0.9694980869283334,0.5219009000689792,0.380126287117007,0.7762920626979588,0.7869602149821939,0.2198547525932472,0.6685429493783764,0.6659955664558224,0.5674337698962786,0.8023378432255074,0
0.1666416909048648,0.1646984690950841,0.1545604420547962,0.1819202418023615,0.1916690846497369,0.9136729664942378,0.7214362996512742,0.12760236884067944,0.9914444089666797,0.9306820434785784,0.258360995272268,0.2461346218417885,0.7130449037984224,0.6250343778054465,0.09504793896118849,0
0.1022988223755347,0.1726702424804492,0.1843371406927847,0.2092633141107657,0.1401319417955146,0.43526698813928355,0.6592975368913645,0.8342924830775176,0.9168838982430365,0.7230334277180315,0.7298627458625683,0.3191228856069964,0.2486525322377563,0.37384609320625384,0.8390449293263385,0
0.1604024587112641,0.1498220084468353,0.1805375882646892,0.143194463691569,0.1698863452678303,0.09059346543940128,0.0678285133787121,0.36628066605571363,0.45599492958001464,0.3113303644779406,0.5874369883002819,0.09749654963076104,0.4903517007986298,0.8105127322579778,0.3435136862942363,0
0.1006222609143373,0.1192765988596686,0.2361558038497281,0.1394868764929401,0.2045076996384788,0.749487848033331,0.7636932181583755,0.39969609337574363,0.6980395953386618,0.1925293928446824,0.7789216859000222,0.21628191538188452,0.6500767707239559,0.5842171891376889,0.46434774944809853,0
0.1664911468827647,0.164195676642507,0.1652920771600034,0.1640568860695919,0.1676409939942212,0.9513923730377122,0.24147850811016136,0.15622565029834712,0.3821527005596802,0.8630489298374607,0.3786195214355091,0.5509519816789874,0.19391515255475125,0.19973239160204231,0.7296537124316649,0
0.1473911318368346,0.1563103950385618,0.190146398717333,0.1352603060364935,0.1216757681721377,0.5982359684216775,0.6861087294646065,0.8182798896986081,0.3859070747212906,0.9595201327704681,0.7397216677255439,0.25560157248777776,0.6041640045440853,0.6597617466536646,0.46269405732618957,0
0.1682181401251384,0.1683256076801192,0.1640454569234389,0.1668233895062466,0.1713942815440739,0.9873259668642348,0.5351720730177222,0.749366537890681,0.853762638614894,0.5916397313634473,0.37587269320867167,0.050696222653596947,0.699996823468834,0.14250080065679316,0.3724437897931183,0
0.2049076612064344,0.1451934178039287,0.1741520907481007,0.2067198485386573,0.1951083519332351,0.13019435160937165,0.6568050339522123,0.45570247686458365,0.8542480539434153,0.20925683481859314,0.6394905419630214,0.7499288819989748,0.5237098227888474,0.3436775559275038,0.483953361972803,0
0.1357530433204605,0.0998853559036101,0.1639951888976462,0.2002085533842325,0.1455460173577983,0.011776748703135165,0.17883965122767664,0.17080465977620274,0.3843092071404094,0.20779683625618994,0.35269375679886156,0.42997369073645536,0.673994711775515,0.11441644843269462,0.554956721766318,0
0.1604670417587468,0.0747629758020018,0.1839618002577649,0.177175799434978,0.1285796643978528,0.3339621595970398,0.5890689288009751,0.1549500901963522,0.4845849381143106,0.35556692139582535,0.43672743311124385,0.27614744320971063,0.27093484665804146,0.74370082348032,0.923126226124556,0
0.184797156624662,0.1698669626672243,0.1750489604979831,0.1495789520593491,0.1753796997210854,0.004909815829783337,0.6741953737544778,0.501510865222874,0.7762207142908131,0.876853142592299,0.4587662729402963,0.38382867554530925,0.36323368991211147,0.6844502870325679,0.25591790402113657,0
0.1658092950565133,0.161253971002956,0.161009346222686,0.1814840916973098,0.1515165165062565,0.04803823237507532,0.7141064128562941,0.45928859837661806,0.8742426471761838,0.11550762423227223,0.4060724872380998,0.5221762269244237,0.64522022182809,0.4436784656817192,0.8962518941155668,0
0.236346691951121,0.1649601551119104,0.241581621338239,0.1765747592760592,0.2499615973777104,0.8387779550108211,0.4296047612343422,0.09269791931415405,0.46215166271904307,0.8771253063739697,0.3888953855593112,0.44420920776687517,0.14290265813358244,0.9153910178070929,0.14772321687208573,0
0.2090133756659911,0.1883008897824915,0.1806992353286928,0.2104785366683647,0.1840020418211581,0.07343550637201324,0.3787295783407292,0.08010443266156009,0.007057484390161628,0.8266929963561697,0.5383270607728194,0.8304774895999538,0.25334780997682527,0.06989813769812084,0.33135141948259617,0
0.1762706749123094,0.1451433317574462,0.160461772007425,0.1799229724841643,0.1465152177214859,0.5507429261498079,0.5706898606048652,0.8992831994953924,0.08498540089647677,0.944339879720712,0.13095551180013174,0.7242040741089084,0.7666115572736455,0.9460641915116014,0.1170661342663004,0
0.1376842587857991,0.1574387284392187,0.1378875347917495,0.1884136363582552,0.2025114518707398,0.7530906901282888,0.8508934414145191,0.8152137564178015,0.393802008752522,0.023191276519372694,0.7873785905605878,0.3038442322206952,0.3262281789430617,0.3420914795083164,0.20214000295709172,0
0.1919253059550852,0.1969854190462077,0.2032758827061714,0.2026131655653401,0.1853856217085824,0.9975345243422162,0.6329056141387182,0.7116774804376348,0.6956389354140375,0.29875014395935573,0.2185507084422975,0.8509401139299244,0.6029605045905811,0.3871391284655733,0.632995384762019,0
0.2110486841056443,0.1711074700278384,0.2239463955176579,0.1065403366623395,0.2092138479006522,0.6569050114989594,0.4507605669392827,0.2267846723820116,0.4995369655822486,0.4677528843547406,0.8038257865297755,0.49909216662218686,0.11434964522674088,0.12561823115366966,0.2319833047806102,0
0.1732304897495954,0.18348158328961,0.2340648483490108,0.2133133233690484,0.1973864210392641,0.3019314257269431,0.7494388040241802,0.9088946167243056,0.5980511811354146,0.023195650434397974,0.29310224669298374,0.8940932671124444,0.5154320179740773,0.5853303731193608,0.4314843275545279,0
0.2361986638036952,0.1343925348962464,0.2342168612989807,0.238966014180779,0.1820886465734439,0.5444444519846586,0.6308624424404756,0.815493333816351,0.303429701803147,0.23440029638298165,0.8117185652448237,0.38629831193627634,0.7643322845618121,0.333355944618469,0.7700522550754152,0
0.0861866567955805,0.2415694995749856,0.1028454915838233,0.1417911058597928,0.1686511609966346,0.3737460345268683,0.16061240830311274,0.7793500559960111,0.02710649774663043,0.5647903740377629,0.3851102465846366,0.6183481625386706,0.4094318288946697,0.4009832745229973,0.5897336602898888,0
0.1681286813272732,0.1313524835901987,0.1284318412983037,0.1861198854507075,0.14675882695941,0.8332175452802216,0.032399155634541765,0.1644670249525546,0.991941450250166,0.3075505432834572,0.4555899107790131,0.4419262450320273,0.05821282195911689,0.4607215818393663,0.5035027010993759,0
0.1828794715357879,0.1874427502854177,0.1695008890640977,0.1923880197174976,0.1545815958146123,0.7678810894170335,0.02841396755017489,0.4669607975645371,0.042922865630152685,0.24545888629263246,0.9103722763602422,0.6300544250196772,0.48855869296050863,0.9182648625463766,0.6249242767857602,0
0.1921175722418999,0.230499175198937,0.2244571663750107,0.2036634867496916,0.2447532568777446,0.017284342211825066,0.6793699077466818,0.4540738073830082,0.3520028369289,0.42047291719337077,0.5935207972512953,0.5458951246441004,0.2809622175828982,0.43369518892460224,0.7509732647592593,0
0.1583359402171098,0.1027967288988548,0.150491522237895,0.1857111580359512,0.0868202908510025,0.6802201446623114,0.25887870801398927,0.15459493738279362,0.041874670541842796,0.6538144550159984,0.3445784102347396,0.4017691308832771,0.6689052071746011,0.9078369853190091,0.7702568608021799,0
0.1544716538687044,0.1634366763490819,0.1091893607846792,0.1107800902717703,0.1863414688998738,0.6644918240298604,0.23924022998166672,0.515239914608103,0.9693779195076905,0.47337661517502283,0.8064632573245384,0.49980651057706565,0.2284423313819652,0.5996935559459322,0.6188905929095699,0
0.1497876268861751,0.1845818749482184,0.1450405477485292,0.1765894851001663,0.182448028593149,0.7661292500529391,0.35052572429354045,0.5520743982972739,0.7787418429904683,0.6979273060628478,0.7599675025049656,0.24476032782940096,0.05986773191659546,0.32935228219136276,0.45769250459962707,0
0.1992362447548922,0.0753951395393204,0.1539075545043561,0.2432520405584383,0.1483744343008307,0.5973691777888769,0.2946671950034917,0.056454458142692676,0.4822354291796913,0.7227439561173581,0.8156617993105455,0.1838162981820182,0.4757386347714033,0.5198962310230674,0.14676633000031242,0
0.2259970294699712,0.185493861541742,0.1326038749922522,0.1891985258580888,0.1579884769374399,0.35970654700657156,0.7265247735175544,0.47096896437603275,0.06985747931685582,0.5809289454742945,0.24692921040672242,0.5849238069913743,0.2476422620551634,0.21041239615149449,0.12408451900203073,0
0.1397358293645863,0.1516690894488349,0.1976675598547289,0.1536928525573807,0.1571768739360224,0.5491691586164033,0.3217299155037664,0.19910310957587152,0.9855578074576734,0.5856345104399628,0.9618531609574773,0.1460073943447643,0.40330407504666355,0.7005848536960048,0.6778504025222017,0
0.0563181570841046,0.0979924273175256,0.1323973253162697,0.1566940132646056,0.1402648037251113,0.7244405878106647,0.04219561638663094,0.7332998377931648,0.16149849293140317,0.4831093576577409,0.4217898667388822,0.2860236774686654,0.7629930260660884,0.1259007027000512,0.04468121129094073,0
0.1485256219922803,0.1695460418691459,0.1494904690915528,0.1409099736929399,0.180119108907489,0.3937147864705094,0.388914221883468,0.7907146361574829,0.20262507277431951,0.9450491411573432,0.6008746752042586,0.9393097283734241,0.536777256690274,0.4146389614215701,0.7405129298856088,0
0.1451328452512558,0.2259170609122383,0.1138131287971682,0.2288758363501639,0.1948134491824518,0.8499509250929048,0.49141231043557465,0.8762433383880582,0.5497466164712731,0.9183317367483973,0.23518487248813033,0.5165402608038185,0.5666153147268461,0.630408633298001,0.7600511150393752,0
0.0985610710307823,0.2062898480541432,0.1165785577257612,0.17207120120373,0.1742725984859436,0.48850374730641455,0.97761253102664,0.7439858385138565,0.6582429007682308,0.9941388292657111,0.45688795503783075,0.5695310902172455,0.38553317580213947,0.2134467006354869,0.14360747548642824,0
0.1643314615725946,0.1714616234584972,0.1696272243027987,0.1644751964314081,0.172120443779051,0.6954969397659884,0.24494574863369467,0.6473021073228062,0.16971867866273227,0.40474783550120685,0.7326557583357723,0.42458953135377936,0.6962795812345446,0.6426737202715099,0.5820745978602003,0
0.1694115722471338,0.1721251766791521,0.1729163085386222,0.1693085026219799,0.1709718268262064,0.7033389103411463,0.19076737527577348,0.4232536308481426,0.22937007572428014,0.4138107835504,0.08607241174107683,0.8650054990800533,0.4207660009975516,0.5878891261314522,0.2377418880664692,0
0.1883559244492912,0.1805314061505233,0.1723484706870274,0.1487806151827752,0.1798772049821972,0.23126799407285326,0.7030128751108298,0.8346393433250555,0.4812309580821347,0.7122982228582864,0.13858049586710547,0.780375493199892,0.40321297615490054,0.4550319316711403,0.11225014755220908,0
0.1667004622765417,0.1688236559324491,0.164460826611083,0.1680368102486003,0.1605949943572038,0.7548339584624295,0.807712124275979,0.8021412683336109,0.6573250878641598,0.7387005839678107,0.4423905017348346,0.8849895812462957,0.5726821284242112,0.5951195033789901,0.7488465848450041,0
0.1659056903976237,0.1942838172456432,0.1697518063991704,0.2028225754085464,0.1560080562399919,0.729377081129842,0.5229356490193289,0.796040603416805,0.1892119055878354,0.7198934882398283,0.39085024404859653,0.7921630753801381,0.5594209457755516,0.27537689676872656,0.6989095915544493,0
0.1852801100235084,0.1599180819963563,0.0945250068840821,0.240848586531272,0.233767383925384,0.6383505961562338,0.5407189131007601,0.6043442525153001,0.9182987975145487,0.7895005561302904,0.8735424002315674,0.41563165834237303,0.5586230489049308,0.7365509137425414,0.508118052782793,0
0.1513710563872044,0.1473156665686454,0.1529882150151209,0.1316604709012012,0.197020632786215,0.6906472423253603,0.9007677180191742,0.8713315943333568,0.3276158073186056,0.8607473856995307,0.09447719317780276,0.14855561909817716,0.7237540702881518,0.4512574441072845,0.26919020762504475,0
0.1419027800496473,0.1806205199029538,0.1417346923895615,0.1958369820396941,0.1285970439889896,0.8861111769023939,0.5823463346102041,0.9253779100345005,0.1754610821608621,0.8020227735448248,0.3171476294898026,0.3327707682718964,0.6563738458997915,0.1370829840914099,0.2583941022130904,0
0.1863264330902456,0.1446546454431247,0.1237451454448376,0.2225250518258849,0.1795280550672045,0.24263572972620384,0.39967900114698596,0.5079887815330915,0.421753165150601,0.5168230513279659,0.5064560957049217,0.6313345892723743,0.7186359506226166,0.608718268361289,0.656911978837495,0
0.1306231479097695,0.113731115627364,0.2106093592227119,0.1329996799384026,0.1186240766270928,0.09268115644624964,0.05899722955385056,0.7243165900203707,0.2703633550392862,0.27754518925330196,0.4148030512352905,0.7149494881526827,0.3759267770167553,0.2063078349769938,0.68593659579003,0
0.1778343735004041,0.0855842161871304,0.176333932451075,0.1681524231705625,0.2377182198562016,0.70026265338568,0.7566404512998011,0.5349746969952134,0.8177376176070963,0.35065176912033014,0.6224394180042959,0.6508025819488515,0.2506425227156223,0.6424204836663249,0.6623767646227968,0
0.1251001919984725,0.1815602844905756,0.2024174655311613,0.2223053081772263,0.1442095067416424,0.8900416237621592,0.6382336973586779,0.846726312562582,0.8139055306323555,0.7009522324168604,0.5553140781777464,0.9359541248670851,0.5202476930985197,0.5112391031619727,0.28975808281465393,0
0.1226440985227758,0.2109520016464496,0.1319078219232748,0.1815469597870269,0.2013167276869669,0.9241558761446781,0.7542240304477038,0.4502103376885973,0.11840583320751819,0.4033459123797647,0.7747921379521405,0.5749025144922286,0.5621116917614941,0.5278156877977871,0.7208794472890708,0
0.208094909160522,0.1586216298924178,0.172618116551314,0.1972551098820659,0.1247348545804239,0.6137564228390128,0.022958779062946744,0.5965002785329043,0.4079472664159526,0.4756002758549902,0.36808677218448055,0.4627884499285405,0.7516316241942178,0.9085968462311343,0.34824580037448033,0
0.2314501428597061,0.1038673550008027,0.2036884876721904,0.1246899969243319,0.1089609945573548,0.06623218336511338,0.07823635147965935,0.6484473769113032,0.2692606431823166,0.15433923630913582,0.6781411907288126,0.7284327907986526,0.25644419379619354,0.04853431056387953,0.7370022171118606,0
0.2037993330167078,0.1456953888337725,0.1387695522509544,0.118216696655422,0.1797477174128279,0.8667394584868117,0.05714442910066653,0.7030980343833199,0.8230496907202036,0.8965374755967543,0.1916609165207844,0.2588701731611143,0.35191631360903447,0.38651182809842505,0.04918335155312017,0
0.2013608520366366,0.1982043149561108,0.1202805419081491,0.133351684410463,0.1319445001609012,0.659260116339259,0.05363459910023094,0.4375872603762716,0.8745124677601195,0.41052840314649586,0.3848830578970869,0.712486881498718,0.3119559334201419,0.646408507413255,0.38879809989504716,0
0.185293937450103,0.1658460177624031,0.184375270397715,0.1929077373367489,0.1566507288678965,0.5353540875802147,0.7428002849357681,0.5770380547746751,0.3605818472215063,0.5921996692973718,0.20795738854320217,0.2420977303524845,0.1806445059469802,0.1766738131231996,0.3977441273364331,0
0.1663949468526583,0.1667821645568259,0.1667399939968338,0.1663862268477059,0.1669139551970526,0.4644702205369484,0.33272616831072044,0.0698080948364137,0.26040582884295826,0.995092256963542,0.5224829572188769,0.863482713702718,0.5850928757175217,0.4640339583536905,0.48963049388785396,0
0.1641875137891973,0.1668023570961506,0.1674218460283913,0.1696707527159395,0.1658360400028421,0.29272932300395715,0.3483760260265435,0.9810840827133354,0.10276549266368473,0.2527807327117413,0.7097348043549746,0.5618874955560219,0.8511235464044878,0.3552742223210267,0.8672373211954985,0
0.1607913132450723,0.124698991753105,0.2626740173363655,0.1657665798289362,0.2106435387567405,0.37662834907555165,0.46408935210036995,0.4049489808578155,0.2745203458966947,0.15038951433535586,0.44739524488512616,0.4913260717174249,0.2701215364986511,0.38013694482545024,0.7407973249088757,0
0.1876572436872263,0.1653950148467886,0.1419448433360712,0.1430605158566304,0.1586340383013304,0.555416305493424,0.16898043339718682,0.003649267882667395,0.7591408476445688,0.7636356348346681,0.45687676556541457,0.15631073938457277,0.821132357362318,0.6569048068011133,0.3315925757401375,0
0.1337390209824635,0.1962264926562602,0.1714762796671121,0.2046108883852418,0.1794544728089827,0.36117320083178717,0.8819018771293257,0.159288781236831,0.9009739100090952,0.6814104515259081,0.05665706637487139,0.7463556582753395,0.25284979673642816,0.22523839086038877,0.41462847828023663,0
0.1190539931542759,0.1007928344163046,0.1273920329979357,0.1549939688493535,0.1016643371819583,0.6702376837187322,0.05003178904649341,0.7617523490235757,0.1690660533744851,0.53568355690545,0.6347782254206107,0.35592098130428856,0.7502995252055442,0.577794540984188,0.9484590463892254,0
0.1290717704372375,0.221345905584421,0.0817742290997654,0.2320628705709504,0.1354998028159277,0.5502273004595917,0.06048194747314817,0.2952758249089018,0.9194761772533087,0.758886190987896,0.4952472137857661,0.11462931728041946,0.6386344043779244,0.4479768250944961,0.20131196061969447,0
0.1878412236586208,0.1880958933564372,0.1272426188653152,0.1190942617983528,0.1450343855022491,0.3078588981898869,0.9771517087211744,0.07205402999519439,0.6525757385032559,0.8035949942072589,0.5275110986757762,0.5036787667101144,0.342899487539727,0.7929692789672824,0.6775599771131635,0
0.1188000501949792,0.1405172443732563,0.125454879424072,0.1985898681810209,0.1858888935070515,0.8476235722752982,0.6468396415641562,0.7394080278598361,0.2463119062984822,0.7825810949604604,0.17487674662691904,0.4457803555991601,0.6445859703992828,0.5940894687011601,0.436766847667972,0
0.1970641341245866,0.0833582984756933,0.1357138875442458,0.2351337931305384,0.1606764627235329,0.6806227508015943,0.5739940078733203,0.26689017977346896,0.672098102341149,0.04963821802766111,0.2747607664610973,0.46020817867282393,0.4832880681205066,0.29347634662214495,0.5167297972557994,0
0.1449949170134548,0.1928417629842684,0.1409268253525652,0.1578510113164231,0.1550110522341753,0.5022268476356928,0.657436152701998,0.3385054205909317,0.5999163068580698,0.05590607504462897,0.3361888192145929,0.9514985280194832,0.8043611505243734,0.2534453321312247,0.7088451868055867,0
0.216140449496559,0.1955132015238027,0.222678534698241,0.1408053414169316,0.1962445335325005,0.33451841382908476,0.4909128642240288,0.8283100275383884,0.5366406402555322,0.929830215879923,0.12419233979681651,0.43262469932330505,0.5925059911037427,0.5887376542424738,0.21509111734501404,0
0.11103366255522,0.17586738708809,0.2136541474111712,0.1081853018775248,0.1327232735124406,0.37323653885580466,0.8921810655468647,0.5818882185785339,0.47029020588227133,0.18254755301498482,0.4595993738302031,0.30391382686868396,0.19719077274781407,0.42109798835222356,0.6169213957984776,0
0.1847768329351193,0.1741333639463571,0.2308933278737519,0.1464288611037414,0.1932282742484535,0.8264006660920508,0.7952419536471832,0.3874739739025084,0.32126466691463207,0.27388613749741675,0.2709363220064626,0.16913646366016366,0.07048755237792279,0.4777457265576657,0.8168731717531386,0
0.2027619901951332,0.1544162276123794,0.2137174812441619,0.205687158234262,0.1917255156054088,0.340157695958205,0.09098876347239093,0.8545820285172337,0.4362446757747276,0.17759106714603912,0.2260019311452055,0.24911652155222072,0.6703532135959498,0.5083424162820591,0.6657485141998379,0
0.2032889856268141,0.1203255178825543,0.2698985841732541,0.1333715246236229,0.1322294454666643,0.6816018206195658,0.1754029748521606,0.8796831284592564,0.004382763075076457,0.5532238877365364,0.28584471098280867,0.07187652867118749,0.5128976565260024,0.8133938583521135,0.42173472832755843,0
0.1667194137844162,0.2321053247727015,0.1553830935677188,0.2237278778211212,0.1601673998261822,0.6405240234880739,0.34261202494648735,0.19312981444608457,0.8993082864359172,0.5919223555962168,0.6682050551064086,0.5669050694072219,0.49278635129442405,0.3236419367572363,0.8022813650324409,0
0.1705782311648093,0.1856947198685316,0.1447700576378275,0.1762089182988363,0.1597603474236288,0.6952708149120693,0.1660636835879209,0.009576703171974343,0.9070521255950732,0.18807976281421657,0.610650605035185,0.9147242805076609,0.8594948800768911,0.18153416782325157,0.5963435528769204,0
0.1649537918932645,0.1661961251890126,0.1674615258001399,0.1653222282946077,0.1684945177690755,0.05490486021901475,0.7773248961497485,0.5664818743937239,0.017148463873168263,0.557547012677294,0.2406282504377373,0.5981291541477135,0.5560320503662269,0.34979354565748744,0.4091912208102184,0
0.4896245327627603,0.1780675990203521,0.123774383551269,0.2123999332402771,0.2138985153788541,0.5088275684273834,0.9230796137559067,0.5902011104310546,0.15061314774823664,0.6251501961977859,0.33252858843545596,0.8980881956480897,0.19514629989351728,0.8487757503089521,0.4085198367286173,1
0.4516390412453562,0.169612159820185,0.1421544890012879,0.131083521000176,0.231125780885252,0.8004510980048779,0.9676048827885775,0.3112235437971914,0.5771722219923556,0.047683681477162954,0.7890620220926244,0.5483369953933154,0.6663459083578551,0.33671177311945627,0.5177693686541512,1
0.4006004599059611,0.2452769682905238,0.1891918728415869,0.1408299075214625,0.1194435814739633,0.9549474579619023,0.1428579567045597,0.6528439272313702,0.8559559211828818,0.47969935411933695,0.3524215424052666,0.21103281132744228,0.7684806857087753,0.44219136815396887,0.5543881331191517,1
0.4921388956905302,0.2005299730719698,0.1961549254259247,0.0998064962184833,0.2154643004686595,0.97781488213096,0.4071662173259364,0.5686084451713379,0.8527834090506343,0.016299806762282043,0.886757746906108,0.2876179232055719,0.26998713965062643,0.6213337023955093,0.4295829392247145,1
0.5712615003373391,0.1838742292195526,0.0974838664903307,0.0913802412386125,0.1111030961115701,0.8631828123811217,0.8458507924017604,0.16470675149731562,0.6976357681499552,0.2758754969066457,0.45794604453275917,0.23077052693697284,0.5257209594650977,0.34289525501368573,0.3166800581889533,1
0.4482880870945779,0.131556208251784,0.2711281289753328,0.1179723794918268,0.1795194112268248,0.1919008761020986,0.5108868822324362,0.7113185933535645,0.3806246983809094,0.3412068600960364,0.0840487142407439,0.10792773080585899,0.29831188399409025,0.6926551557738461,0.1800747687374135,1
0.4627763022920647,0.1739053168530122,0.1961147237338568,0.137266937124882,0.1430759920866084,0.22423194616767572,0.5744307700520942,0.5831748324348366,0.8678537426194803,0.8343825561071886,0.7827995926398403,0.18478329317397924,0.9377323241007777,0.22599853940352255,0.1661727488071974,1
0.4542075747297066,0.1663341034098781,0.1981168766005767,0.1822846051341885,0.1699813699541255,0.008096954230031983,0.14670031527491878,0.13177886012559537,0.2719741928877667,0.7422393864051255,0.8867078326539857,0.20877191539376644,0.6936459472631978,0.8781541030859275,0.30786404339214657,1
0.4238355550744935,0.1812889079048741,0.1393120211877229,0.1886964942511552,0.0825068473098211,0.48928255895516404,0.730290390996539,0.8412711952099982,0.3696805067258264,0.003449161547000257,0.4868829584176584,0.421265964185899,0.48773905134006657,0.3789888140703602,0.6332607906703788,1
0.4421674250139578,0.1188355061037607,0.2107500515567315,0.2308573058327201,0.1570971875631273,0.21320301426185229,0.6169536037498473,0.5729825035842382,0.20411069461323483,0.7543712582315689,0.17508311449658337,0.8484995575438632,0.48272483510203207,0.22795002223452407,0.790601659701357,1
0.4759878085441145,0.1454117249776294,0.1777336004432122,0.136330541811466,0.1307655731897921,0.028966496108376205,0.15476073973698834,0.5184068961860657,0.60455919776875,0.9173145628664763,0.4635339588324749,0.33457723215887586,0.5037675244651545,0.22570930070190104,0.31558528488726006,1
0.4619055030375949,0.183580572101847,0.2031752364531099,0.1982240876445413,0.1644110918251977,0.3840212158058136,0.8127612331925335,0.4722813671640038,0.3021022354393923,0.9526691450427601,0.1899696191552325,0.6339240687368127,0.165317289571441,0.409275458266398,0.43424514350025295,1
0.4946743086213039,0.1262680438505157,0.1840205493257496,0.1529296053903004,0.1519310488590208,0.49574027787798736,0.7073399087433643,0.2923696097584687,0.8846434731392365,0.4766327239135907,0.11988580583096207,0.7476546871188562,0.40812237529320905,0.7716539838594343,0.6418399467158646,1
0.4986633593512019,0.1688072112751769,0.1638475288315114,0.176202972251171,0.1711419018413215,0.04684996873059122,0.06729744433002349,0.35272100215468305,0.4276233392845168,0.11124402992275173,0.7268697535821665,0.9011109787310384,0.6912176654500665,0.48546577025595106,0.14782387314750725,1
0.5014098121025171,0.1894439425821469,0.167785564672469,0.1723341628973431,0.1424153151026689,0.8489195680622397,0.5567389725478771,0.947898826874922,0.6509229387360641,0.7989760553911508,0.8172198755573201,0.936276941752533,0.8306776873550235,0.5389675594531051,0.5299983372277715,1
0.4837137314187839,0.1249011296550341,0.133056960874149,0.2025518323054933,0.1830053592908993,0.1704426342875105,0.04405447687561137,0.2281514307219824,0.4191884762522967,0.05008627531243881,0.8978772652286295,0.5232211916559989,0.7429613141179675,0.5805780114615429,0.6806723151340709,1
0.4693160680768903,0.1612843429058547,0.2097050060366056,0.158881072254604,0.1240019175895411,0.9274218749339824,0.29887614302994225,0.7924773092337466,0.04586784850070913,0.8498054695798551,0.9103343893710699,0.88282476669014,0.45115197639776705,0.6623401661576973,0.5344310264817499,1
0.5000227166876208,0.1664240433426287,0.1664471218512731,0.1664558852438516,0.166644868579533,0.33326155637959165,0.514749725227718,0.609472773197337,0.6107896266073632,0.2961277617996936,0.6738444740989613,0.47806558579135294,0.25752823116946916,0.3491347631860448,0.4125888074156119,1
0.4778198198531962,0.1052765333682976,0.0724280286302949,0.1683209030836905,0.08812778577217,0.2539940023389238,0.3881259412734581,0.5561542849374864,0.0005571951401310837,0.22713976767810196,0.2438809431910425,0.6513193332884292,0.5062772841428218,0.378930382280024,0.5790055383689825,1
0.5645025883100874,0.1987412688741039,0.154240010793798,0.1909060142387197,0.2330492568960422,0.06998919976055284,0.8330303992383614,0.7005169865137016,0.8313419615338855,0.6695644821677814,0.543647241432131,0.8195075036417935,0.590308994328156,0.4620292731945912,0.24263689215142525,1
0.4852351593297196,0.1733671872303682,0.1771853770452623,0.1746878352279804,0.1716476039391141,0.03521605617781465,0.32730032193147884,0.8819496084947199,0.46656292163245616,0.32191923387468946,0.7067089907294871,0.4588542679405264,0.5188940296149371,0.2995161900012195,0.03832006335184691,1
0.4963245810627492,0.2204070332330952,0.2474454591885128,0.1553765478770283,0.2293617915603438,0.15805871296413976,0.9128799102819335,0.09388140396984723,0.36087359653068596,0.3160710338684888,0.4192734905262069,0.5098738841929786,0.16659301665047083,0.4308021920920502,0.422489871076888,1
0.5433592567032194,0.1160543611506431,0.2127495624431309,0.1964348106920442,0.2182465881146743,0.6372711755739873,0.9114522703181672,0.7398927212302466,0.9658303895214857,0.28488021428331745,0.5011995876584192,0.22975089004873622,0.8861955311507508,0.3740761929085418,0.32290470340768346,1
0.4527330764067832,0.2041314049928597,0.0876212149615599,0.1876334081601995,0.2591283671941531,0.7459753062562023,0.7128680300904396,0.05316353688034825,0.5738676934020593,0.8773474534109513,0.3260682899635124,0.8093756380642126,0.367398451977496,0.3873902664174257,0.7838029476094905,1
0.4945177202930448,0.1513144253471997,0.1555131183599519,0.1559898159269033,0.1519083722349661,0.030287275261336344,0.2273610037100955,0.5356305019429871,0.6080205164769739,0.5445244306958534,0.6625806553076738,0.532476853678917,0.5356348758754186,0.4702358428819843,0.058252370715812386,1
0.6085868860661477,0.156515868025976,0.2349532489117267,0.221373605643908,0.1729615811262264,0.8831391757824815,0.3792467857029129,0.6584395521477845,0.5447509112636868,0.8213793774702564,0.7774567416847333,0.9211861796653528,0.13177277395650083,0.6450158375855295,0.5152997159675422,1
0.5281532689105907,0.176195502447672,0.126503895535234,0.143392437049009,0.1885050618956228,0.3908868776616603,0.9189320165511732,0.8474263945044644,0.7231056243761361,0.9158424798957838,0.7091649347345459,0.5767043824796183,0.46212493548567607,0.6515352629503789,0.8084383683079227,1
0.4595893925538927,0.1819463906282113,0.2188463884233118,0.2183466091463924,0.1878594906915914,0.662929558219731,0.29379860288132764,0.9592969282764884,0.3518444520076751,0.3467629772122899,0.1656797584371927,0.36990234457510296,0.5710384324133653,0.8518102515614152,0.22720027598652773,1
0.4988635665050284,0.1605454305903333,0.160042138238304,0.1630144037313015,0.1660273139771436,0.6270705969236273,0.5003748826063735,0.9964316210448537,0.4143707580542725,0.9328752837784532,0.4107526086208905,0.6912303060823838,0.5899353364405187,0.7801777209166605,0.6005976380248643,1
0.5428796846269625,0.0942844430535177,0.2315857844259025,0.1688354098432743,0.1691757325999252,0.4506673749002069,0.22537451522559726,0.5356229642780048,0.6734075820228035,0.3003851789826012,0.5473601331724355,0.3343296305092917,0.24516302016116304,0.038459477492935525,0.7928764688193498,1
0.4925268426670546,0.1463659250505748,0.195695652115697,0.1644402269561601,0.1598494817768932,0.5869458666800306,0.4370195117633212,0.02135916659538506,0.06489740483727591,0.37986063040160045,0.7506767836406312,0.3614340576672666,0.42086114618105264,0.8218503846651835,0.1411619093696604,1
0.4968786925710642,0.196166929032877,0.2008657188504832,0.2135034577096883,0.1519333928142357,0.7006720096633601,0.15830544419314796,0.9625618613090577,0.36300061175563914,0.10779959464121991,0.465709407075599,0.7627664032318261,0.8799042363163186,0.6017066279890005,0.4913031949054972,1
0.5571409647280181,0.227203911326782,0.1937994051049219,0.1132472254293089,0.2093685620050163,0.18669120027488884,0.920550992041559,0.8451601535041988,0.6620859721797083,0.05861325529058825,0.43341302920602787,0.49102245518637927,0.4684157881114732,0.9397254367341307,0.6157770418522411,1
0.4062858412399132,0.1332787849810802,0.1321998395813018,0.2132576842247575,0.1880427713975348,0.6421250334185737,0.022992792820962338,0.23483595030733362,0.06753000288117006,0.6708176689900864,0.6134019997105179,0.1913367306694167,0.5458930228933498,0.13932439974828853,0.6151200945890485,1
0.4845822527553845,0.1503719826041829,0.1467788541825172,0.1809571606820887,0.188094675512762,0.8191975913679277,0.26133000189229927,0.9959853814321872,0.5423374928685497,0.849521859017268,0.5288281544139547,0.8366304712362935,0.21772313929180087,0.555542302702406,0.38948188850736043,1
0.5124413223068844,0.1895815143018872,0.1510142438921509,0.1703211884797264,0.1635879702388102,0.19670219398824418,0.7962960796318883,0.6307759274006051,0.07805799569945027,0.7640640133237034,0.32613925759781226,0.029808591502544966,0.4242532793795592,0.6446626644403471,0.3883705063643491,1
0.5658624029615515,0.0804326663242907,0.1134483053454502,0.2286786823288283,0.1798993155587607,0.7641405088336078,0.3779690537314304,0.2656087723308034,0.07495139037149767,0.6027295672399386,0.7023028980599224,0.3509505772825994,0.28310589496217714,0.8268944579209021,0.7184221930723625,1
0.5291060243866057,0.19147305807646,0.2093871158651038,0.1503907021942765,0.1241783665223062,0.2990750798143371,0.23365044773131827,0.44887585071996405,0.12850074084434726,0.6596972628099442,0.06765768348521391,0.5207704664979929,0.3430987331906784,0.710005831924224,0.5966059020059761,1
0.4270180298577125,0.1772446339265075,0.2250333864094044,0.1499639301978639,0.1830819428273997,0.32408009287904915,0.2938410356732504,0.4326492850037412,0.4343384662764238,0.43499606817636893,0.5817228612403816,0.20737321789062949,0.49823689998125853,0.632911037560613,0.3068259830288963,1
0.4903950656266212,0.1696472475271147,0.1769020104406906,0.1807017791688598,0.1535078189823828,0.2539153631202703,0.7530850646241103,0.8957039947869322,0.5653892158844745,0.7216015888723595,0.4037016354646213,0.5169910726278176,0.24242326083930596,0.3724445828482151,0.600054350548798,1
0.5057328051110364,0.0890397859729729,0.1138056046704458,0.2068080862759291,0.0881849801858671,0.8103464901995043,0.28586470085676763,0.8692405370524049,0.56938734380339,0.635386046100592,0.23692882287529704,0.7636932205575974,0.1112051049874315,0.26582503001995894,0.757735485952782,1
0.5108188493235364,0.17277917235578,0.1699201553731248,0.1732546053858946,0.1810495054128768,0.5530904412625045,0.8845381900993503,0.49196227195654785,0.7097204185773073,0.25930779464386555,0.4769938732115064,0.5598005117616969,0.39735391510271106,0.5759625796847879,0.47085428722011496,1
0.5162681700454953,0.1828412893314207,0.1588101371498869,0.1696190554085591,0.1645825168494138,0.159884761225202,0.539213349523151,0.8248029284134092,0.14436143277357893,0.7252552153462711,0.5523234801660636,0.2708858365152463,0.5383462120368273,0.525007201943226,0.7087122224320686,1
0.4972114928867768,0.152214484253806,0.1846520939152131,0.1536667091210719,0.1722402254648542,0.2739102409931785,0.11145309403962889,0.8098011224840044,0.05801787000317127,0.41966483293995926,0.8196260327656281,0.5665334657437191,0.5078062974191375,0.7741139975817096,0.7257182434247788,1
0.5511258922682287,0.1982917088909978,0.1516119878150727,0.153327215243048,0.118192198005893,0.6557247899486898,0.7024624946098211,0.7659478390492314,0.09946238930415097,0.13100291359507876,0.6408109752621888,0.40204805763479273,0.3799180053948914,0.32572602737376555,0.7897635815956416,1
0.4981767281565125,0.1710168133509863,0.1623171257452276,0.1635462988647319,0.1679859963403776,0.30618324912320416,0.8428544940209691,0.8954530953005463,0.42219038541406795,0.2818102645718572,0.6474374185037631,0.6695404070212247,0.45700297493487435,0.46504869480768923,0.5382261208055703,1
0.4780576782081109,0.1978959424826598,0.1347568536860093,0.1735142290417676,0.1616983130264825,0.6146490167056731,0.42974535243218437,0.01982146466974488,0.6080936582182557,0.9283831355160802,0.510617847071603,0.38888114387026734,0.5327130486131193,0.5939256655723602,0.7160827527546472,1
0.4721476831597108,0.1358813483640851,0.1580528974649694,0.1897115300603069,0.1637688003758853,0.6660462978415574,0.7246265575819668,0.0712459536841974,0.6133216779260051,0.9408353537951932,0.7819002567337354,0.43275329788716943,0.8592184110151114,0.6446231941922518,0.29802074780076476,1
0.5645714214038356,0.1109292964376191,0.2314067982845921,0.1805506371586341,0.1531374430434284,0.2717876266900069,0.320607915060382,0.2501833179850478,0.5980162764637188,0.34460650873214793,0.35293113064084,0.19719689556401165,0.6521738681743358,0.718246772745789,0.411952299525918,1
0.5338582399588515,0.1572909869699973,0.1314486174725688,0.2065821440008944,0.1335395994609591,0.8487989533667465,0.6763069090309096,0.5450017239102053,0.7613505838551574,0.20791001166835932,0.5462487526241415,0.17210752300884138,0.11702415304146789,0.346159723537455,0.556364659210593,1
0.5060104449976978,0.1615443845514536,0.1609788169400759,0.1707220950094269,0.1772770876774432,0.25072416280240595,0.42358363845317837,0.39387249704551797,0.4396775913055869,0.9871378422882722,0.4138457058735526,0.7066619303603784,0.8882694731549129,0.21384962960194273,0.4304806496655418,1
0.530021050043293,0.1754967561957905,0.1746185535138776,0.1690677049681715,0.1307135276546771,0.3239790274223281,0.8485518735745167,0.8336801694829157,0.31696411622651066,0.39299048514037227,0.03711358588144589,0.6658761541472684,0.5614913622962187,0.13855008557296794,0.532141489687964,1
0.5078288058209847,0.1752176952818482,0.148854804137575,0.1727243079069958,0.1655344538245978,0.0226289686240706,0.6950398754758546,0.4847464819599455,0.16947163566769463,0.9027201908617364,0.043970281398082074,0.5377506186706381,0.924645230291619,0.3715641828604669,0.5786798401188393,1
0.4875418356155135,0.1318124419615549,0.1488142372983895,0.2245876906136213,0.1281871695072399,0.4486537780941814,0.24181503827798212,0.47558618033221167,0.17044000384460534,0.24070276097576393,0.4457343961708129,0.6383658603528527,0.5907660881481616,0.16392417563369446,0.3049069479210331,1
0.5047733960798623,0.1017665844590344,0.2141828774738851,0.0929762081759892,0.2181503629284893,0.645601814303082,0.656154527881763,0.1052456464029845,0.73607796912263,0.7718434345655542,0.5084784963276501,0.39251935947257866,0.3047310252188086,0.9034295959184296,0.23845366796470396,1
0.5280750800811883,0.1818917752407396,0.1571762894896974,0.1750744424471929,0.199308796575005,0.5375096664832072,0.6088454751030641,0.6104936511932131,0.7758065772107615,0.7127390948783744,0.4829113706881858,0.538209855838552,0.8500358438443363,0.24053265770189758,0.672722532063797,1
0.4882866698130291,0.1582814346442588,0.1794305204611178,0.1565992772299967,0.1565775496760635,0.7853742617981513,0.5165554358188564,0.4684544447209462,0.14116960546361168,0.6715445851193338,0.35036847955269373,0.1206646635812972,0.27410546139333947,0.747028861293126,0.5718987357482498,1
0.5105000271238976,0.1565846924947713,0.1730138401909888,0.1084741942597288,0.1052927455501957,0.6418975448002354,0.7709666027174191,0.6471262443371469,0.4954345904324664,0.05780498067189743,0.5806594502234977,0.38166265233762264,0.05707151112816928,0.5594122178741715,0.08281295045483625,1
0.4978733164159689,0.1679658367570277,0.1689634761179652,0.1648733070498763,0.1661208432648611,0.6494886560415266,0.6752854449395481,0.13432950236258367,0.23554688004738644,0.46361295163579097,0.5973146371536115,0.37223138682514206,0.8268549419451862,0.3030351576446128,0.07782744233408567,1
0.4997081630619768,0.1673928094228462,0.1672249930811867,0.1684653174336239,0.1669011077055632,0.11713503900051014,0.9942381538009021,0.07360439610988823,0.6998427269344791,0.872435590978297,0.9781121299903184,0.7439733676894437,0.7854600384183203,0.7264936509243282,0.5953050983318244,1
0.4982668235913409,0.1660957824238932,0.1643646549079103,0.1601341926160771,0.1684598019739749,0.060703561461801225,0.4790959718418438,0.44122763035745793,0.9769071235861055,0.9611680403277428,0.38242524194463356,0.2279681195133777,0.7501315705926493,0.5051892327639297,0.5653413564658741,1
0.522471109459335,0.1521363705895546,0.1205795030978731,0.1414820344996644,0.1319043220465786,0.5836049482978632,0.7498742547947559,0.8671061975707721,0.1069724872750285,0.11105570161009914,0.10122378886668444,0.4329501651184577,0.8157661749193829,0.9074605247307727,0.40335364437041005,1
0.4707561144462028,0.1310878567143351,0.1687723042053071,0.1363405527371441,0.1332789596260659,0.6403905047195769,0.9070976888553152,0.7100162480536198,0.912914606727942,0.1647924075295093,0.6864088949486629,0.16255110441812942,0.6492264329949138,0.5414973646790445,0.07176748815153373,1
0.5068424188469457,0.1768807792086746,0.1769841831829226,0.1691936913068559,0.1711720243181848,0.2749021598445811,0.18902910874069656,0.5398015693486496,0.9564434918440554,0.20021447191749708,0.3745699908747791,0.7048371222393671,0.15531166717163225,0.578022957626726,0.8158839024197011,1
0.4730951028531858,0.1702997529915255,0.2459084205901896,0.2164665275049671,0.2071430151148865,0.44601607933914533,0.46726035015793443,0.5464116464658663,0.29965389264740916,0.44642673259073185,0.8174933475916814,0.5212657105305103,0.775268874941418,0.46987204383019426,0.5758842416098906,1
0.5079523388256719,0.1027487480515095,0.1232783371965752,0.2094133703423241,0.1485512165153327,0.0005499522717316019,0.002914087932876064,0.5261825416628004,0.10483121843936172,0.6099099770757163,0.2526049253850533,0.7431513338613641,0.10635525430277139,0.8093324852536311,0.47160458323314364,1
0.4746402531663839,0.2007929725524108,0.089210876144443,0.1262791195632683,0.2374104856352748,0.4108073882832888,0.4312765157020291,0.29745937259094213,0.8627550137910506,0.3440096463328959,0.710099044992727,0.7507969598271346,0.3566867898135997,0.41071886045303313,0.4706594930104177,1
0.5048203914476718,0.1486042579849236,0.1708509651975163,0.1648115748608964,0.1819497834896885,0.8647990905704636,0.06606870424656686,0.6328422968720778,0.18496893525577318,0.9249302065327518,0.18670835278745876,0.774029168728479,0.7799419689034788,0.9109266882600104,0.7195506762178178,1
0.5633352609738088,0.1292770658637567,0.2058565057156988,0.0866410542136372,0.1642994066489661,0.044133427311960904,0.8324571419822491,0.7668519424836473,0.3983464279697587,0.06418573653069293,0.24311807067590013,0.21112269489038288,0.35649047873524287,0.6294521645248471,0.8358539034715845,1
0.4958562714786788,0.135791882187806,0.1272665376599534,0.1693833247266816,0.1876675464347673,0.7072191034463253,0.7250408824737273,0.791365412851641,0.6788588713272703,0.8212814607516061,0.4398054467541311,0.280544285878981,0.17013198124641776,0.45848895597892636,0.5038425037838852,1
0.5575168711870792,0.1738363938944445,0.1221409960501359,0.1846484482511683,0.1433839170185542,0.39762233383168033,0.6480705515229542,0.9033095892344974,0.2919221584765457,0.22687218225066685,0.5184569229834863,0.9802321286399303,0.7189458176970406,0.6260007018663105,0.7436808802707643,1
0.4221199011660231,0.1577593481633752,0.2032309058151346,0.2654707170066814,0.1712788039337147,0.3032991606153549,0.0178634241649952,0.8414942616655816,0.17475205056323817,0.008546077615483316,0.5058804248517531,0.31649766431856924,0.7109158997346788,0.20604521204207107,0.7712643706928296,1
0.52044233102789,0.1878981855482121,0.1972718954215095,0.1830509845779437,0.1391214911850925,0.2621621434787301,0.46998594784666325,0.9024963971926409,0.35098426745164424,0.8650274188234053,0.3616107882414142,0.9826750266792964,0.31127980517469456,0.658715880333695,0.5762610803330465,1
0.5844940823868345,0.1539707460064372,0.1979208227777984,0.2322511467551448,0.2484538434739609,0.9305158479108404,0.9880096471499809,0.5857522410812257,0.6567824182316087,0.5523461379528316,0.2026052730123963,0.7152514139631098,0.4227586405965685,0.407872423524822,0.8852237093637721,1
0.4352658964368141,0.0983328534675247,0.1455256209725531,0.1597116951637125,0.1368366006943259,0.7885669276351089,0.6874916279599714,0.10363320556901834,0.41012683082013546,0.8534704727204548,0.5477141254220254,0.4745098137288646,0.6267085567595971,0.4185260583198449,0.04887835821299546,1
0.5428451003695395,0.150373803114736,0.198845139985389,0.1167157986207387,0.2400069140953299,0.4212596535029616,0.7885646798285315,0.8445913864918744,0.7724500302043694,0.7272525679850225,0.33170457521690266,0.3509187908024535,0.5889768187881401,0.3744051123143428,0.4170835996865475,1
0.4790674253851575,0.1594930823062719,0.188779732684702,0.1726525847794084,0.1780040487206344,0.3330557570044247,0.5023278415273661,0.8369178258221227,0.43517341123301556,0.5745068603144675,0.384975766695602,0.7491859887324929,0.632896030245699,0.5062087588553559,0.6382026260909431,1
0.4819659086897384,0.2393174472173849,0.2437133870698642,0.1722304991726386,0.2060933921590638,0.049694833185006115,0.43745698868991123,0.49995030888562586,0.15798397285475263,0.3869394123566776,0.5624668242264116,0.2018543506068702,0.5033214291346526,0.9532825900296462,0.49826913822177005,1
0.5200955398081314,0.0855893231749825,0.2010498379980002,0.1569576736114708,0.2443396410741067,0.07660649168017131,0.9681808584508976,0.1400323562294793,0.718253684545712,0.26704579107958093,0.3909180849271619,0.7595505862819606,0.9507133839733931,0.8394164452533939,0.3736049115079833,1
0.4806933717530657,0.1539676266914252,0.1536498307326837,0.162094255687587,0.1551129267747129,0.9807349615115626,0.8609384268929652,0.5320990815477477,0.24310390404124915,0.09512079828888842,0.18608654180894602,0.6839916444935759,0.6583721356033252,0.34524836011078885,0.41418990625159025,1
0.5066444591787108,0.1409425111350269,0.1655206276287896,0.1559008320740114,0.1297552614694349,0.4265319845500165,0.33511420901448796,0.21362008438011237,0.9255718444806788,0.616253975281095,0.09282706323766163,0.6403174774359991,0.39386385736356216,0.37293258684093117,0.03110762572589926,1
0.500211694812517,0.2047632433545081,0.2186413320796269,0.1043405340681159,0.1961971399526855,0.11737743854794769,0.46447677528749975,0.3268086637247355,0.7923586230194708,0.5737329947999181,0.39910388295064825,0.915914580965671,0.9591194977958657,0.550349082071767,0.5146662878635702,1
0.5317790513038418,0.1340240111304995,0.1954345270635915,0.1606929707374021,0.132087313760658,0.017151638749234643,0.531199624319076,0.4803405675327401,0.26087744467638896,0.4364268312973588,0.5865135634858613,0.6863168504622507,0.34095462448300223,0.412499251945731,0.4520691490713133,1
0.5280259485927742,0.1349737640639745,0.1576588986205078,0.1354693042795128,0.1300414889282518,0.2606647472736118,0.13252566301882984,0.29694181655378005,0.9937659709668587,0.06076051180085551,0.4646603775873357,0.8126019504696993,0.5842526778005983,0.5807604087623164,0.39794251294411565,1
0.5080199758108179,0.1778379672863046,0.2297509237955788,0.101103744437063,0.2368692223249612,0.5715920803425513,0.8191906573637822,0.8647532133186486,0.4608499820806202,0.7118095485360382,0.41568202920403263,0.6841656588887718,0.5273530394862754,0.34036178948547574,0.5410831113534718,1
0.5439508494627734,0.2061488274997365,0.153369272820693,0.1069522720728244,0.2289835230038474,0.4747305513567829,0.5676484353567272,0.15270791580996335,0.8207249853610887,0.8025781263793843,0.27113736867058347,0.5546428118479957,0.8019051518165853,0.31404739386836095,0.5260577399365699,1
0.5483303516311963,0.2113353389485811,0.1207236600529694,0.2024921920728627,0.155428393299174,0.2673791287511599,0.608241796337174,0.20350297917589266,0.7903007836592129,0.1321237837790582,0.40773840299912695,0.8331669624787252,0.42006043716064395,0.8278002447882207,0.2888716735546168,1
0.4999750242381982,0.1646984690950841,0.1545604420547962,0.1819202418023615,0.1916690846497369,0.19697842070876936,0.468948716885198,0.3218815085058988,0.43897810088989664,0.12221597407838147,0.4905988133406104,0.04124374216535157,0.341447660292154,0.43082464957595534,0.2744958915330105,1
0.4356321557088681,0.1726702424804492,0.1843371406927847,0.2092633141107657,0.1401319417955146,0.7047387500514702,0.16059158532147189,0.09550208363164658,0.5389194192983293,0.8267841750613144,0.9075137337759291,0.2023051642586669,0.6674126634679075,0.24532963329694488,0.5093008309030891,1
0.4937357920445975,0.1498220084468353,0.1805375882646892,0.143194463691569,0.1698863452678303,0.6608767274696429,0.7293198374151496,0.26027322626314464,0.3637462154245795,0.5999156365072394,0.47475445638082786,0.08585013167248504,0.2413248546363807,0.09498891572768775,0.19330191904988075,1
0.4339555942476706,0.1192765988596686,0.2361558038497281,0.1394868764929401,0.2045076996384788,0.3065058035392413,0.36693313819101914,0.7722013924917421,0.08455047671564953,0.6462924762821077,0.7691959712488601,0.8685264475840297,0.33846374745556523,0.4965125384940203,0.6310103946833049,1
0.4998244802160981,0.164195676642507,0.1652920771600034,0.1640568860695919,0.1676409939942212,0.29528680984225897,0.26421557710103805,0.8106715934848863,0.8224016933725011,0.06583418675141228,0.368979642699431,0.21918078317236347,0.48332282514298136,0.07189023923331385,0.4335194057414277,1
0.480724465170168,0.1563103950385618,0.190146398717333,0.1352603060364935,0.1216757681721377,0.09156328077825271,0.35933300472808427,0.44152837510475174,0.40600138053715384,0.6447821122152182,0.6794852472487092,0.5173723012858601,0.19302311611295728,0.6156070507009352,0.5661504159335216,1
0.5015514734584718,0.1683256076801192,0.1640454569234389,0.1668233895062466,0.1713942815440739,0.37267838138128195,0.23034364590504375,0.9757848806548369,0.9959824386585732,0.8147212327508773,0.35090746904112163,0.1295971581040434,0.06414066404321757,0.09706319842277028,0.46006588967174167,1
0.5382409945397677,0.1451934178039287,0.1741520907481007,0.2067198485386573,0.1951083519332351,0.8447254092881348,0.9799383758057073,0.7856796535538049,0.5639872185687265,0.04989835403720533,0.8148683653030137,0.5285483913397008,0.21953831261688087,0.5383395770110286,0.9442611617913736,1
0.4690863766537939,0.0998853559036101,0.1639951888976462,0.2002085533842325,0.1455460173577983,0.20604003904585655,0.5923103417350887,0.492114621476476,0.8464822152130277,0.01285716489489308,0.4551919388980095,0.6206506707755256,0.667788919695811,0.3653049535141934,0.27235091426202207,1
0.4938003750920802,0.0747629758020018,0.1839618002577649,0.177175799434978,0.1285796643978528,0.4212731719772572,0.07753967308220955,0.2810273165062367,0.3767006697338764,0.734639070797433,0.2710764296239286,0.18194409954926316,0.5072691644937912,0.5542233667574689,0.13014819001318118,1
0.5181304899579954,0.1698669626672243,0.1750489604979831,0.1495789520593491,0.1753796997210854,0.7552380131705877,0.6966561856022655,0.43599888822024946,0.5218848853439285,0.7464090960645662,0.8491266839572713,0.7212461503840871,0.8528229714216502,0.5557833174219133,0.3065859829039363,1
0.4991426283898466,0.161253971002956,0.161009346222686,0.1814840916973098,0.1515165165062565,0.6955654882858665,0.18926247047738098,0.8619920860409518,0.8136690140679502,0.7248757436830062,0.7913553870351822,0.20395872969963366,0.6450607170648633,0.733557036401951,0.4878858575266307,1
0.5696800252844544,0.1649601551119104,0.241581621338239,0.1765747592760592,0.2499615973777104,0.6479225528487296,0.5427254548115209,0.18235002844286574,0.07617196382585945,0.08808609177189197,0.4996809557074805,0.6604177448577536,0.5286235143932442,0.602915956981701,0.7358134202888396,1
0.5423467089993245,0.1883008897824915,0.1806992353286928,0.2104785366683647,0.1840020418211581,0.04041685153560859,0.2242669749305516,0.9946497956132244,0.5786974269181132,0.0007798362526502123,0.33682407487747934,0.7248645564720017,0.4555587517482794,0.3014988063334295,0.12660893651316327,1
0.5096040082456428,0.1451433317574462,0.160461772007425,0.1799229724841643,0.1465152177214859,0.837867831811346,0.05513729720508387,0.41198434916679827,0.5706140229915273,0.2739790952360943,0.6130898053215623,0.666670970740367,0.6352390211796702,0.771185831529069,0.5211332268204316,1
0.4710175921191324,0.1574387284392187,0.1378875347917495,0.1884136363582552,0.2025114518707398,0.8643372856204989,0.45884639709710207,0.6141205256175585,0.8943086379267414,0.33322497885018576,0.8673088552244096,0.5024024326701368,0.22328023981896022,0.9072134641582419,0.2623843329148676,1
0.5252586392884186,0.1969854190462077,0.2032758827061714,0.2026131655653401,0.1853856217085824,0.776808947793188,0.7541643891894445,0.5342706752578984,0.31721032771438584,0.9915651429214974,0.29017922158591725,0.6300351545260509,0.8634455238593971,0.7749997145750754,0.7331723696350819,1
0.5443820174389777,0.1711074700278384,0.2239463955176579,0.1065403366623395,0.2092138479006522,0.4504110548786395,0.42561518689540945,0.6163245248997182,0.23487286127008933,0.4615165269505762,0.8362948608832945,0.27782244616261415,0.45668030215876837,0.3733168944373439,0.6962062363824616,1
0.5065638230829288,0.18348158328961,0.2340648483490108,0.2133133233690484,0.1973864210392641,0.2783692395731897,0.5546250205667895,0.14043858746596094,0.03097443824422097,0.6961905535536581,0.45936951471324783,0.4117011282474695,0.4524812694845801,0.26007905242120394,0.36219987592031255,1
0.5695319971370285,0.1343925348962464,0.2342168612989807,0.238966014180779,0.1820886465734439,0.2439777928662724,0.01319535804271943,0.1521394087650102,0.7947201849605271,0.9261648736203203,0.66450316303071,0.669524437398597,0.19428708861555302,0.6545957618688566,0.6797133441394992,1
0.4195199901289138,0.2415694995749856,0.1028454915838233,0.1417911058597928,0.1686511609966346,0.959009905447399,0.4002427317778686,0.4526068357535322,0.5977282676146599,0.929377456048978,0.5680652687210938,0.4915380244852981,0.2700384899509122,0.32723453677480246,0.012924253625123326,1
0.5014620146606066,0.1313524835901987,0.1284318412983037,0.1861198854507075,0.14675882695941,0.7442620731031655,0.8313691767630011,0.09452922685265708,0.5452862291295931,0.6696162608838436,0.4559718416057035,0.7219261134859981,0.4403165624287964,0.14666525284022558,0.5246784114719781,1
0.5162128048691214,0.1874427502854177,0.1695008890640977,0.1923880197174976,0.1545815958146123,0.24572456384281027,0.3838585118577654,0.07580523740174583,0.7586532682005036,0.5468045131910844,0.7293267021983083,0.752823733959889,0.21996391798385656,0.11096182006422325,0.5706986955318977,1
0.5254509055752333,0.230499175198937,0.2244571663750107,0.2036634867496916,0.2447532568777446,0.11975106749039766,0.755855335713265,0.9484872943907224,0.47739501576947374,0.9026953399196306,0.6295052980098386,0.3487066999756561,0.4206654019312917,0.8542972646637341,0.21423078851459756,1
0.4916692735504432,0.1027967288988548,0.150491522237895,0.1857111580359512,0.0868202908510025,0.6023573316650461,0.3557718172143538,0.46470282124189755,0.964250687617863,0.8712470073613664,0.1595423304216913,0.34228050698741824,0.38541326544284504,0.4721283040405086,0.9383028625394986,1
0.4878049872020378,0.1634366763490819,0.1091893607846792,0.1107800902717703,0.1863414688998738,0.43307035856725196,0.590309670480646,0.33446886014385924,0.8479718090894289,0.8283938417798101,0.3643895068247593,0.35474675353057233,0.20961998701675208,0.6788410695727642,0.362872096657275,1
0.4831209602195085,0.1845818749482184,0.1450405477485292,0.1765894851001663,0.182448028593149,0.3385357599635206,0.350857912988661,0.948543444204104,0.5449224236062192,0.0656134651446123,0.21380320256299515,0.19297566722313844,0.18801469049033812,0.28286585263508646,0.32745399027273997,1
0.5325695780882256,0.0753951395393204,0.1539075545043561,0.2432520405584383,0.1483744343008307,0.13919296727088526,0.862385528509713,0.9291002067601173,0.1327917569121857,0.8414710305849991,0.5291328246928172,0.8941043926820269,0.22478455519958326,0.20329453270745115,0.24775606862228264,1
0.5593303628033046,0.185493861541742,0.1326038749922522,0.1891985258580888,0.1579884769374399,0.07762118660700212,0.32729348594890817,0.4369355450332407,0.8903135193775262,0.4537367071107129,0.1781797887238449,0.5223028453833145,0.3689289405078422,0.3499832894670509,0.38897161896118015,1
0.4730691626979197,0.1516690894488349,0.1976675598547289,0.1536928525573807,0.1571768739360224,0.37992057582462635,0.5180877637763417,0.062804143249653,0.48892732658732585,0.2358791735259982,0.36939681508278616,0.7100948212831693,0.5735993317693471,0.5995457451546967,0.21032572145574518,1
0.3896514904174379,0.0979924273175256,0.1323973253162697,0.1566940132646056,0.1402648037251113,0.15668556499747055,0.05764423040444833,0.8932670664673267,0.23522175416721225,0.6749605961302543,0.6851359529960084,0.1364001725617822,0.4364275733622482,0.28153482378435446,0.1617247621880635,1
0.4818589553256137,0.1695460418691459,0.1494904690915528,0.1409099736929399,0.180119108907489,0.3999660368142609,0.3962544267659829,0.82659953692761,0.25239848460867176,0.45200138767880815,0.5040176473808015,0.5125159964020596,0.8914307154831294,0.7738731154211245,0.6437679253892169,1
0.4784661785845892,0.2259170609122383,0.1138131287971682,0.2288758363501639,0.1948134491824518,0.44640793954188374,0.7683958306287259,0.9168248403705441,0.39063222460267455,0.04509271218427369,0.2910949638763119,0.7675249044835825,0.5882003214875099,0.5419872635598282,0.3140795541614338,1
0.4318944043641157,0.2062898480541432,0.1165785577257612,0.17207120120373,0.1742725984859436,0.0699915796545646,0.6568831202800619,0.7117867252745468,0.024714443113510343,0.9743265839815078,0.8441232521102541,0.6578335720163921,0.20761079586541714,0.5766223007356959,0.6489345237650243,1
0.4976647949059279,0.1714616234584972,0.1696272243027987,0.1644751964314081,0.172120443779051,0.547305606923994,0.18514806323844757,0.02023233230239907,0.3828657605792469,0.1669092311357523,0.2111271774189138,0.7410862546361127,0.2099441106216427,0.6624105037517269,0.7012861476538241,1
0.5027449055804671,0.1721251766791521,0.1729163085386222,0.1693085026219799,0.1709718268262064,0.9159020963348787,0.14518005318874694,0.6930807480121253,0.44088604747033644,0.9258275040286125,0.5984672243099793,0.5920853069724158,0.14973023347462297,0.39374390116725555,0.519480923536267,1
0.5216892577826245,0.1805314061505233,0.1723484706870274,0.1487806151827752,0.1798772049821972,0.4828807266438718,0.6484255841649464,0.9890848278918981,0.3678399434212335,0.527342422938761,0.7287648366122441,0.701984003892262,0.29491209464649615,0.8486316239631561,0.39633118173627085,1
0.500033795609875,0.1688236559324491,0.164460826611083,0.1680368102486003,0.1605949943572038,0.45800692182341407,0.7383088323421261,0.24689203895806622,0.09160958561529808,0.7718210975776724,0.4902786760027547,0.36066653287250056,0.7470919140305854,0.5675593351926621,0.2148168521716977,1
0.4992390237309571,0.1942838172456432,0.1697518063991704,0.2028225754085464,0.1560080562399919,0.6096757963176387,0.46942771134146866,0.44568660988315434,0.8597130499621682,0.3081086537995692,0.3413393094958469,0.11803025741115729,0.4063021749404686,0.506673432980115,0.3072093082431167,1
0.5186134433568418,0.1599180819963563,0.0945250068840821,0.240848586531272,0.233767383925384,0.2715713353858391,0.843673650162114,0.3092041027852993,0.8274895270916623,0.05541123761764355,0.26764826735357944,0.20424659900281614,0.42741853499853083,0.7612385914123021,0.46565143649761603,1
0.4847043897205378,0.1473156665686454,0.1529882150151209,0.1316604709012012,0.197020632786215,0.3217713987361991,0.30846658657544535,0.8439529918927475,0.4430738472221307,0.9946616873437983,0.09019465701328494,0.5728515421803441,0.35823383387429514,0.7609306530634381,0.2886732733440451,1
0.4752361133829806,0.1806205199029538,0.1417346923895615,0.1958369820396941,0.1285970439889896,0.7637052225166666,0.6940019893696253,0.34524458811635383,0.5384248127564784,0.5611947741341424,0.21652008279344426,0.6779289879127725,0.16589050775199662,0.35025081135153746,0.7792343256401877,1
0.5196597664235789,0.1446546454431247,0.1237451454448376,0.2225250518258849,0.1795280550672045,0.4551051703221982,0.10928838461693802,0.3191584884895995,0.50783499810869,0.291066289887846,0.46052647333322666,0.7176314004057787,0.9304650646351749,0.4451493895755535,0.7582037667532676,1
0.4639564812431028,0.113731115627364,0.2106093592227119,0.1329996799384026,0.1186240766270928,0.5618144855406058,0.2799747046531942,0.8300379519579738,0.19261595541655863,0.7073915145435968,0.6773041279045037,0.6319476072205282,0.500280886208503,0.5374645076994006,0.811519836998435,1
0.5111677068337375,0.0855842161871304,0.176333932451075,0.1681524231705625,0.2377182198562016,0.746303508850882,0.955763272349844,0.7866445206071353,0.5195548863450133,0.20564773155373728,0.8549377603047139,0.8388738280373949,0.7283583854552,0.3705377585572337,0.9070255372984938,1
0.4584335253318059,0.1815602844905756,0.2024174655311613,0.2223053081772263,0.1442095067416424,0.04592959154082821,0.5706557690159179,0.8386240342105797,0.6426713750638394,0.5765590831960741,0.8159802324658629,0.33802014895124705,0.3900996943907819,0.3617812829348752,0.7011367149775338,1
0.4559774318561091,0.2109520016464496,0.1319078219232748,0.1815469597870269,0.2013167276869669,0.9148496194981857,0.7233336641229254,0.6559307192473035,0.8801406697754652,0.616097077290974,0.7478063623868583,0.5721171207276291,0.3696745542872484,0.6587304168870073,0.2986612201087492,1
0.5414282424938553,0.1586216298924178,0.172618116551314,0.1972551098820659,0.1247348545804239,0.9363043740307511,0.01007700104699727,0.7582357624895819,0.2692572321616211,0.9785193987653961,0.3310168481538258,0.8507045219672575,0.3681167895787396,0.8305260085667765,0.3231101903002981,1
0.5647834761930395,0.1038673550008027,0.2036884876721904,0.1246899969243319,0.1089609945573548,0.8916491617224922,0.8144663790003004,0.8314442413797289,0.09290843091872603,0.00452104515494034,0.5249443325281274,0.17494533988971106,0.1862801132274418,0.18987461961301022,0.5975953795565683,1
0.5371326663500412,0.1456953888337725,0.1387695522509544,0.118216696655422,0.1797477174128279,0.3963478119042846,0.024393633291143746,0.9713681940827128,0.0838983736915685,0.3320745121077081,0.6029801591944547,0.26535665337404957,0.2084703505176419,0.5490187354100479,0.45203097352931365,1
0.53469418536997,0.1982043149561108,0.1202805419081491,0.133351684410463,0.1319445001609012,0.2760718648799898,0.5350647387605676,0.8169918919883534,0.06758392056674278,0.4172556429867941,0.4917903020762824,0.728766701576042,0.9057663279228111,0.4907318624976431,0.7643552228034651,1
0.5186272707834364,0.1658460177624031,0.184375270397715,0.1929077373367489,0.1566507288678965,0.12340933672078025,0.6048547516203997,0.5362928597164055,0.1315671562916091,0.6937142431231578,0.9445457645809217,0.24095615598935902,0.14415448224012065,0.9450889720313466,0.12048552233928393,1
0.4997282801859917,0.1667821645568259,0.1667399939968338,0.1663862268477059,0.1669139551970526,0.1704566376978356,0.15768985872869967,0.7764330722472288,0.13127681595489227,0.6085363208511892,0.6268427945105157,0.7935099554072683,0.7232115347769358,0.11420142993313052,0.2995637835498541,1
0.4975208471225306,0.1668023570961506,0.1674218460283913,0.1696707527159395,0.1658360400028421,0.7236920433794192,0.10766749451407065,0.8652870828129031,0.3082648969641295,0.5763218745921372,0.26753181425110334,0.46567304159335005,0.563138515222526,0.6960894248354719,0.1669720176679803,1
0.4941246465784056,0.124698991753105,0.2626740173363655,0.1657665798289362,0.2106435387567405,0.3805826054980579,0.9858062731577434,0.8961076511386173,0.36532017539816186,0.32215121196154217,0.8597419081465575,0.1995418528175274,0.7160850005837883,0.2568459207162085,0.539569915737239,1
0.5209905770205597,0.1653950148467886,0.1419448433360712,0.1430605158566304,0.1586340383013304,0.9130254750047251,0.8785042209142275,0.821125386556558,0.9135815472366853,0.9902869542172258,0.3060210354061787,0.6728618341805178,0.47291842035273624,0.6861480165392447,0.8305229016111815,1
0.4670723543157968,0.1962264926562602,0.1714762796671121,0.2046108883852418,0.1794544728089827,0.24271115003597765,0.9415481385745892,0.5714706376167686,0.5200007596275286,0.35948433721450246,0.33100669454668563,0.6136257254241684,0.15916955082801557,0.24571492556695387,0.7644541186646716,1
0.4523873264876092,0.1007928344163046,0.1273920329979357,0.1549939688493535,0.1016643371819583,0.8039337508733719,0.6920256725748865,0.01222654918073951,0.9067146907571184,0.4987765975335523,0.2553112390377646,0.46015739235531966,0.9073596956789888,0.7703413855552175,0.3224169663515627,1
0.4624051037705708,0.221345905584421,0.0817742290997654,0.2320628705709504,0.1354998028159277,0.2402967040973759,0.6060575041307498,0.4281884625333813,0.3484219478528291,0.383314673671201,0.3953128814136398,0.5183221849698019,0.5216742114475521,0.6088460797480981,0.6507330735322299,1
0.5211745569919541,0.1880958933564372,0.1272426188653152,0.1190942617983528,0.1450343855022491,0.9536462613350395,0.19416546602512197,0.5232599331797919,0.4574654691168868,0.058688570905361837,0.7322710651641895,0.5499450015464066,0.7760687609599319,0.14540463024864272,0.3165048555906694,1
0.4521333835283125,0.1405172443732563,0.125454879424072,0.1985898681810209,0.1858888935070515,0.5423316469456624,0.5633617387314964,0.689758773629181,0.5836111877769936,0.2503743713190022,0.3842416492426189,0.7937064232809115,0.4431536541945526,0.5650980653020067,0.9510825316660988,1
0.5303974674579199,0.0833582984756933,0.1357138875442458,0.2351337931305384,0.1606764627235329,0.10464966193533443,0.7909353637666692,0.852787247641039,0.2915611248217975,0.38042840681093837,0.4666850281677675,0.4146483841619694,0.801690822752788,0.7088764036476803,0.18142322988850013,1
0.4783282503467882,0.1928417629842684,0.1409268253525652,0.1578510113164231,0.1550110522341753,0.7773182874990493,0.4814310256620643,0.7643732033862142,0.9067710254103898,0.42715951073126723,0.7256025894834613,0.08453137181939173,0.1933029311846481,0.21952858819362814,0.7858758888105097,1
0.5494737828298925,0.1955132015238027,0.222678534698241,0.1408053414169316,0.1962445335325005,0.9567348230416747,0.2722098438066335,0.1731995692737177,0.24225271808541737,0.12233358924468796,0.35142680008655236,0.05156866129195308,0.35797542471468524,0.435206812951884,0.2119058325385454,1
0.4443669958885534,0.17586738708809,0.2136541474111712,0.1081853018775248,0.1327232735124406,0.5971440562414256,0.7966729002359622,0.9883778668715818,0.444323899919414,0.8236753035037269,0.5816229603463708,0.5862144883325832,0.3941960314007821,0.07870854747186411,0.7443206483576162,1
0.5181101662684527,0.1741333639463571,0.2308933278737519,0.1464288611037414,0.1932282742484535,0.6792923685642726,0.4424682263585866,0.30895631098583454,0.401903710372419,0.8147367170392739,0.6002783650519792,0.8173466964595151,0.2746021711925769,0.2132814965882343,0.4440197525541086,1
0.5360953235284666,0.1544162276123794,0.2137174812441619,0.205687158234262,0.1917255156054088,0.29229782983048247,0.23276549193183138,0.20282712573340456,0.3513577369447989,0.16180875162667163,0.5763981705684631,0.06667466656455841,0.5961116152519973,0.5529794607870736,0.26493256919433317,1
0.5366223189601474,0.1203255178825543,0.2698985841732541,0.1333715246236229,0.1322294454666643,0.2663259924066649,0.015350983958863473,0.7906834889577777,0.31952057701574754,0.33082291218307924,0.21375844415720777,0.4925448640792198,0.2929150763942942,0.39148472375532184,0.5011811699032181,1
0.5000527471177495,0.2321053247727015,0.1553830935677188,0.2237278778211212,0.1601673998261822,0.2762759058122646,0.10242163397331383,0.3218800371361312,0.4650543383868839,0.9604528121045227,0.654462753433268,0.4004371808791528,0.34585376130712864,0.2718176050832368,0.20382419580269637,1
0.5039115644981427,0.1856947198685316,0.1447700576378275,0.1762089182988363,0.1597603474236288,0.32353336563436863,0.41466947669790843,0.39901118247624623,0.4648308162337812,0.6166555629587759,0.2656117147414956,0.21052091547948787,0.6479594699294401,0.5561766371204748,0.5915881620333061,1
0.4982871252265979,0.1661961251890126,0.1674615258001399,0.1653222282946077,0.1684945177690755,0.6667439800624313,0.3098469768214295,0.3952618307579674,0.6534733102725585,0.7639558825076743,0.36722207939258966,0.44675160440597017,0.8772318478028657,0.2791825421140608,0.3636035703513279,1
0.1562911994294269,0.5114009323536856,0.123774383551269,0.2123999332402771,0.2138985153788541,0.28925037611740345,0.02634514640421881,0.9826131131980167,0.5946352142565731,0.5213666639317508,0.851922765279966,0.6341980111539531,0.6990507258792849,0.15035800426929832,0.7480181708437066,2
0.1183057079120229,0.5029454931535183,0.1421544890012879,0.131083521000176,0.231125780885252,0.3752408500288723,0.7565387010204889,0.3834830360083721,0.9765556028156136,0.3611523039912562,0.43311893151200437,0.5322342119074122,0.8566671334795892,0.270069286892295,0.7572717938225703,2
0.0672671265726277,0.5786103016238572,0.1891918728415869,0.1408299075214625,0.1194435814739633,0.9414735593909115,0.03496449344987573,0.3827724285007511,0.4512198309423492,0.4997313632842041,0.2684935162255062,0.13042646954441672,0.6298966312685199,0.46112918957969157,0.6600769951598975,2
0.1588055623571969,0.5338633064053031,0.1961549254259247,0.0998064962184833,0.2154643004686595,0.16057983161308342,0.7211370523857397,0.15091926956079005,0.1423012956491866,0.9010413760472622,0.6817887433474787,0.25950997995852665,0.7062125135182281,0.15945379392332248,0.1979679761295933,2
0.2379281670040058,0.517207562552886,0.0974838664903307,0.0913802412386125,0.1111030961115701,0.4380822198007548,0.8752348556438238,0.3565443154454593,0.893464603363766,0.08567894665735576,0.8052230525909709,0.28168972744253373,0.5803629481415974,0.24040928151951568,0.154851667855815,2
0.1149547537612446,0.4648895415851173,0.2711281289753328,0.1179723794918268,0.1795194112268248,0.9186407628224363,0.9691512640838318,0.6573857549198153,0.19802943496270142,0.962227991466964,0.1450460984021001,0.890454576596423,0.5218324007053692,0.7509725761275274,0.25896168092417204,2
0.1294429689587313,0.5072386501863456,0.1961147237338568,0.137266937124882,0.1430759920866084,0.2692574011632093,0.573584798010323,0.47088518062787466,0.9554311348483709,0.6304073122831717,0.6648231085614821,0.5622647387945082,0.24371170126605526,0.15112348993024605,0.7973034510584054,2
0.1208742413963732,0.4996674367432115,0.1981168766005767,0.1822846051341885,0.1699813699541255,0.8073753556255198,0.4102688614344625,0.2646417532233969,0.3344349725814014,0.5762815875349542,0.09746320636696658,0.5374894397424282,0.5513378218386976,0.7508496815578585,0.24958927882631363,2
0.0905022217411601,0.5146222412382075,0.1393120211877229,0.1886964942511552,0.0825068473098211,0.7636808975014239,0.7529631354031745,0.8719291918321772,0.5757318447884688,0.5534847745417742,0.5081627205583847,0.2630276999810476,0.6717152274532329,0.6592582136126122,0.7896837075722162,2
0.1088340916806245,0.4521688394370941,0.2107500515567315,0.2308573058327201,0.1570971875631273,0.4267339699129026,0.29460006436845265,0.7461134760921871,0.07976762471197862,0.6466175928635702,0.31948650379487814,0.3236689811466251,0.46066487270480866,0.35353622466384416,0.8283807681169881,2
0.1426544752107811,0.4787450583109627,0.1777336004432122,0.136330541811466,0.1307655731897921,0.17248846203571067,0.04986000390633405,0.5091393707805113,0.7314001995378636,0.5092736820182177,0.313352471188234,0.8133918751266687,0.832742714091805,0.27375073946551365,0.6479078937474284,2
0.1285721697042615,0.5169139054351805,0.2031752364531099,0.1982240876445413,0.1644110918251977,0.903175250856801,0.8259954960507409,0.7160503913541663,0.7172519484779623,0.8273343734622332,0.520383949784449,0.21963849563481067,0.5482170854712396,0.17660508977576497,0.21605286338411372,2
0.1613409752879705,0.4596013771838491,0.1840205493257496,0.1529296053903004,0.1519310488590208,0.35829792390341375,0.7859862288533633,0.026877905375214506,0.9951780920704971,0.17414316263781637,0.2633718067685941,0.8932827975205295,0.2620644779894005,0.37829869731449334,0.40016435239824005,2
0.1653300260178686,0.5021405446085103,0.1638475288315114,0.176202972251171,0.1711419018413215,0.40578180013206844,0.3639737526050524,0.2941835899727093,0.09099300770306673,0.9391049430470508,0.632013080684693,0.4306920434370243,0.16493664050376192,0.5579838446845992,0.3351693307988429,2
0.1680764787691837,0.5227772759154803,0.167785564672469,0.1723341628973431,0.1424153151026689,0.9393631371849481,0.9273595261463738,0.6111543352976162,0.16877872291438534,0.6336555500811973,0.44735105396615865,0.259523007462811,0.852816849553181,0.8715460409547725,0.30026924634385477,2
0.1503803980854505,0.4582344629883674,0.133056960874149,0.2025518323054933,0.1830053592908993,0.9025609923945431,0.33198435637894896,0.0826646269845851,0.6920645561942592,0.7840475035759553,0.4189067898924196,0.875695897432505,0.3022389266070701,0.38592523190145667,0.4915796168493942,2
0.1359827347435569,0.494617676239188,0.2097050060366056,0.158881072254604,0.1240019175895411,0.42165437911813697,0.569298100088587,0.6922268398598455,0.523158572288785,0.8838626569916171,0.5673010841542965,0.3543782554802415,0.2696867747108636,0.13428897299837522,0.6283365785362934,2
0.1666893833542874,0.499757376675962,0.1664471218512731,0.1664558852438516,0.166644868579533,0.26117642947550823,0.18602199764175809,0.7271245414516839,0.8937196920417294,0.9603375043273163,0.5896040880314936,0.1790809445239988,0.6852074055156289,0.5334635522906227,0.14738275444509777,2
0.1444864865198629,0.438609866701631,0.0724280286302949,0.1683209030836905,0.08812778577217,0.13882089954210497,0.372212278303396,0.23037415445599418,0.547843656291918,0.27739699742496715,0.09176005511993923,0.6968312772385351,0.35226148715877953,0.645896095895746,0.1896582967945498,2
0.231169254976754,0.5320746022074373,0.154240010793798,0.1909060142387197,0.2330492568960422,0.6977288860223023,0.4767686806283987,0.7568912339453787,0.6353840724606117,0.9306516585728019,0.3991898630482193,0.29780919922609955,0.37005449901886406,0.34076137257335665,0.2532894922873296,2
0.1519018259963863,0.5067005205637015,0.1771853770452623,0.1746878352279804,0.1716476039391141,0.34387453343627983,0.7191557340061916,0.5711235276140665,0.4914902928175249,0.2747971118794639,0.7611041194928555,0.44343377357756225,0.3756348850694988,0.6841026366031795,0.2836573507311103,2
0.1629912477294159,0.5537403665664286,0.2474454591885128,0.1553765478770283,0.2293617915603438,0.38454161794927877,0.8081842425740481,0.6751953426748923,0.6670992659429317,0.6567526900282668,0.46835360485818206,0.6159845464918596,0.6778720112982758,0.8529731381971801,0.7885487380935949,2
0.210025923369886,0.4493876944839765,0.2127495624431309,0.1964348106920442,0.2182465881146743,0.4015404131757584,0.7863001046828806,0.736439823479648,0.8709527949770002,0.7832294616248796,0.190167514253889,0.6589653816215706,0.6395824968900053,0.6114095770050453,0.24672824255834,2
0.1193997430734498,0.537464738326193,0.0876212149615599,0.1876334081601995,0.2591283671941531,0.5843711991412059,0.7462428211762016,0.07587559210921624,0.9499060285956574,0.38356372965738805,0.40143740511226755,0.6326326924697333,0.559296253433986,0.2791591477334687,0.7907350072839547,2
0.1611843869597114,0.484647758680533,0.1555131183599519,0.1559898159269033,0.1519083722349661,0.16885057622213284,0.05100903803444856,0.6737107457259168,0.20347254221023237,0.7393271443566628,0.19032356972294753,0.5854343362533501,0.3471565559623695,0.9441304939390092,0.344846575944932,2
0.2752535527328144,0.4898492013593094,0.2349532489117267,0.221373605643908,0.1729615811262264,0.3280017292111619,0.3977727285260375,0.3619741457615333,0.7686114802704999,0.998423844293095,0.32029603354629177,0.28222094939948783,0.8322973295064128,0.5408891163060063,0.6054390087043633,2
0.1948199355772573,0.5095288357810054,0.126503895535234,0.143392437049009,0.1885050618956228,0.9154799961446766,0.0743760749108161,0.11875100998613175,0.5812752497336681,0.8274669099348906,0.4241939395389771,0.6917078812662426,0.7196250426594197,0.5086286171311482,0.45186591854362973,2
0.1262560592205593,0.5152797239615446,0.2188463884233118,0.2183466091463924,0.1878594906915914,0.8224516078344496,0.6543686654411179,0.8524726463372465,0.5942142345297009,0.5073601643476323,0.2723813753212945,0.36682464537881104,0.4944177816674462,0.797881120767669,0.3340370132191513,2
0.165530233171695,0.4938787639236667,0.160042138238304,0.1630144037313015,0.1660273139771436,0.019787931248932522,0.8257205325866116,0.18546710549756484,0.3348738806258674,0.5798680836831315,0.39552970895885486,0.7979274088903141,0.41153605837452145,0.47186585741297,0.0723303304644006,2
0.209546351293629,0.427617776386851,0.2315857844259025,0.1688354098432743,0.1691757325999252,0.29183551977792244,0.9508374851304063,0.9878146890955992,0.10538684174507318,0.8224537086839006,0.6757783751445468,0.3506772708813506,0.6096391808141035,0.18361865596161608,0.4533400003211896,2
0.1591935093337212,0.4796992583839081,0.195695652115697,0.1644402269561601,0.1598494817768932,0.3619211919491694,0.3576855711822725,0.3650635286950823,0.8823056433895774,0.2621048712596584,0.6000540110739954,0.4525866415298963,0.7336276129100622,0.7576803732831894,0.192590308952269,2
0.1635453592377308,0.5295002623662104,0.2008657188504832,0.2135034577096883,0.1519333928142357,0.9011253175864291,0.7122386659684777,0.21605244959645553,0.014299597098525796,0.6471867985813945,0.9099247887261285,0.8138867647918008,0.48742032712432126,0.3384390268864568,0.5733891784989732,2
0.2238076313946848,0.5605372446601153,0.1937994051049219,0.1132472254293089,0.2093685620050163,0.5900766231143868,0.17286334371819945,0.10454651954453731,0.9538022248873936,0.4480220896873507,0.6244747738403722,0.6749744013856084,0.6918750094707794,0.4862063215761475,0.9199895201464081,2
0.0729525079065798,0.4666121183144135,0.1321998395813018,0.2132576842247575,0.1880427713975348,0.7691852034942126,0.01957800608170479,0.269280982747344,0.4318747336731569,0.3590205947290601,0.47381444642791914,0.478037331625642,0.8808342255214692,0.7522450810943015,0.6427657936571435,2
0.1512489194220511,0.4837053159375162,0.1467788541825172,0.1809571606820887,0.188094675512762,0.6151257059009715,0.9404998016148219,0.5165671806081817,0.9235061695090645,0.5484757847751295,0.6854014620793464,0.2615926348352699,0.29530836086879775,0.2782740020798726,0.11534399295752717,2
0.1791079889735511,0.5229148476352206,0.1510142438921509,0.1703211884797264,0.1635879702388102,0.7844447214239488,0.2125937266109943,0.41602393818988037,0.5547131974518852,0.07354227208997766,0.606492395142681,0.9420617143748162,0.3280753207498923,0.48460190715666907,0.7026595460041368,2
0.2325290696282182,0.4137659996576241,0.1134483053454502,0.2286786823288283,0.1798993155587607,0.7877830335658504,0.20534508702761223,0.9623967195311293,0.1521528621214422,0.5601893002068561,0.8012866541883786,0.3093743513491547,0.13913998958109314,0.6913581979728487,0.5934466601673825,2
0.1957726910532723,0.5248063914097933,0.2093871158651038,0.1503907021942765,0.1241783665223062,0.9401726953152623,0.5812897777974811,0.4657276253981193,0.8125862313849346,0.4680169610127817,0.7734547819720323,0.8010228979510511,0.6064423249924882,0.8281430547328325,0.41728819044008153,2
0.0936846965243792,0.510577967259841,0.2250333864094044,0.1499639301978639,0.1830819428273997,0.54953354622363,0.8178523252578921,0.14015243952911594,0.22246366170056775,0.019066926714663035,0.6809181332659935,0.2896392382200441,0.9377554986254755,0.3563238579994637,0.6117358324545539,2
0.1570617322932878,0.5029805808604482,0.1769020104406906,0.1807017791688598,0.1535078189823828,0.6359192110272284,0.8275105348423779,0.6128158897519478,0.5218578976467234,0.7172575853778848,0.7191603271642829,0.05624264201939658,0.6197564629638721,0.7060592678276625,0.19693951719569017,2
0.172399471777703,0.4223731193063063,0.1138056046704458,0.2068080862759291,0.0881849801858671,0.0005691327049561767,0.06991348259268415,0.25542732778139343,0.2439105200221553,0.11681274593632729,0.266311073860899,0.6682892599117716,0.19615571504252502,0.4714275104431934,0.3517149654840785,2
0.177485515990203,0.5061125056891134,0.1699201553731248,0.1732546053858946,0.1810495054128768,0.9984784957600082,0.6639322358069056,0.7084975947297714,0.7693520740376758,0.01890600198751058,0.2764544549438401,0.8003904607727713,0.7293255224289644,0.5857786432614078,0.24492201829288926,2
0.1829348367121619,0.5161746226647541,0.1588101371498869,0.1696190554085591,0.1645825168494138,0.10866941401306918,0.04850865788427994,0.9334448623992513,0.8408228778204907,0.7617475562916883,0.47886227620595195,0.858192154735054,0.4302957217233603,0.088152633399998,0.4143272939656847,2
0.1638781595534434,0.4855478175871393,0.1846520939152131,0.1536667091210719,0.1722402254648542,0.5234939375392281,0.9597747526209164,0.681324903237419,0.05149036699575227,0.5042720536641907,0.6467032348208126,0.3101329923908234,0.7231364375078954,0.7081451548205017,0.49906060028969346,2
0.2177925589348953,0.5316250422243312,0.1516119878150727,0.153327215243048,0.118192198005893,0.39134011018456083,0.22174659582987155,0.9822343654435338,0.4616088011921987,0.7699278478231001,0.5048338159803285,0.34682533337787225,0.7091399736754241,0.6681524835951139,0.5653925827170633,2
0.1648433948231791,0.5043501466843197,0.1623171257452276,0.1635462988647319,0.1679859963403776,0.09175823732170851,0.2602675634997029,0.03681339340642198,0.702346042177967,0.7829292391383924,0.4866887198458394,0.4453286126463125,0.44572856864205196,0.6393613872005527,0.812159864252661,2
0.1447243448747776,0.5312292758159931,0.1347568536860093,0.1735142290417676,0.1616983130264825,0.36563164324718367,0.8888744454991004,0.4867689079880617,0.6114363890809611,0.1949681234570142,0.5856533995711448,0.5143315950756213,0.2769735896013361,0.2432702886110357,0.4734438043041148,2
0.1388143498263775,0.4692146816974185,0.1580528974649694,0.1897115300603069,0.1637688003758853,0.07793096329958704,0.8764544532064936,0.9444849108572446,0.1465977186705868,0.15389846492848247,0.6452382687000965,0.466546591581962,0.6521221372200974,0.20791691171243343,0.8440146486275161,2
0.2312380880705022,0.4442626297709525,0.2314067982845921,0.1805506371586341,0.1531374430434284,0.40806387805771027,0.7596781258997154,0.4920399271625494,0.9464597399490879,0.6533725388442702,0.5500050887936339,0.9199153541119575,0.6240939806354109,0.4599762983514491,0.5003462811979414,2
0.2005249066255182,0.4906243203033306,0.1314486174725688,0.2065821440008944,0.1335395994609591,0.46614801434998776,0.02510730301418973,0.7562094740607387,0.5354242207731014,0.9265220145253441,0.7800583182350935,0.3852016209441243,0.5148084886902013,0.92107861537687,0.4145461654729271,2
0.1726771116643644,0.494877717884787,0.1609788169400759,0.1707220950094269,0.1772770876774432,0.18363139405724416,0.22758956747014503,0.6059876103159427,0.46389487372978155,0.7626098191398218,0.3779573773058232,0.7398515939424164,0.37859932348208475,0.6357819251360295,0.7947387660086714,2
0.1966877167099597,0.5088300895291239,0.1746185535138776,0.1690677049681715,0.1307135276546771,0.19769770844692658,0.3607056181565168,0.7285562845063812,0.8622453463621208,0.5343940785777151,0.2565238758277572,0.47273478976882954,0.21831553046750155,0.23874865542963522,0.3009690401358355,2
0.1744954724876513,0.5085510286151815,0.148854804137575,0.1727243079069958,0.1655344538245978,0.688576294166873,0.13001476395072198,0.494475190505269,0.025293018030016712,0.21565892432304157,0.5476044819918231,0.2966823520173275,0.325335794101384,0.6310985027006789,0.5268611358711088,2
0.1542085022821801,0.4651457752948882,0.1488142372983895,0.2245876906136213,0.1281871695072399,0.8084112970208548,0.4177938003022713,0.16820986638720548,0.4209063517038273,0.401697539384928,0.8085274374325124,0.41676438103194685,0.390164931986292,0.7373012373584955,0.8600088180434226,2
0.1714400627465289,0.4350999177923678,0.2141828774738851,0.0929762081759892,0.2181503629284893,0.8282336536722057,0.19757064717336492,0.4673396068107246,0.9158322442498945,0.5019555674271843,0.5255396688506682,0.5314456052376109,0.5171950371130365,0.4415823471770848,0.4106823932383464,2
0.194741746747855,0.515225108574073,0.1571762894896974,0.1750744424471929,0.199308796575005,0.5089589417709901,0.46058235227159805,0.17444853614285516,0.10288070829983043,0.7249881587644778,0.3076385870129359,0.2610263915105834,0.7809584829179682,0.273884653701292,0.2904938581372476,2
0.1549533364796957,0.4916147679775922,0.1794305204611178,0.1565992772299967,0.1565775496760635,0.2017743647204857,0.9321709437080897,0.9102690584168914,0.5368003458224104,0.2683025056848978,0.47566838468910805,0.6608741276954069,0.6970735555703017,0.33542460424590986,0.4657753878343555,2
0.1771666937905643,0.4899180258281047,0.1730138401909888,0.1084741942597288,0.1052927455501957,0.8071517729182003,0.9404671710236212,0.9259156970900125,0.5236058108355787,0.616583210075287,0.7050536473954119,0.6727489169234545,0.8582429030082225,0.6052962426701642,0.38311960480756513,2
0.1645399830826356,0.5012991700903611,0.1689634761179652,0.1648733070498763,0.1661208432648611,0.35263856129953486,0.11319159550510072,0.15856364908193765,0.05096891446300633,0.6030598075399396,0.9125816909728375,0.22499187834696316,0.4608365809320426,0.382072537800592,0.4659759387789672,2
0.1663748297286435,0.5007261427561795,0.1672249930811867,0.1684653174336239,0.1669011077055632,0.13911976466341947,0.8347981880487221,0.5089694653856958,0.2256050106654558,0.39243379135842427,0.4167943610926716,0.34871996140628536,0.5044272971458652,0.8741681576881422,0.4583343148865955,2
0.1649334902580076,0.4994291157572266,0.1643646549079103,0.1601341926160771,0.1684598019739749,0.4161548500594009,0.6136113155619894,0.6934357607639874,0.1390772151823665,0.4923295479966906,0.46326374519099967,0.6986564493451023,0.6976041630753698,0.09733789706518046,0.3677450239338199,2
0.1891377761260016,0.485469703922888,0.1205795030978731,0.1414820344996644,0.1319043220465786,0.6756850806623723,0.9173741191197212,0.8131935898016165,0.0034893286055305284,0.6042118387323253,0.5947572271393844,0.46929921795358653,0.8836006875320053,0.18037708892087875,0.65734302238137,2
0.1374227811128695,0.4644211900476684,0.1687723042053071,0.1363405527371441,0.1332789596260659,0.11979695439642579,0.5583896310833636,0.9688406418023171,0.2252549743464195,0.3797502852167478,0.5370061715337365,0.1530637634616497,0.13466159136981323,0.7635693109138847,0.19197358493954142,2
0.1735090855136124,0.510214112542008,0.1769841831829226,0.1691936913068559,0.1711720243181848,0.2918050700246473,0.4222570659078536,0.1181689564352052,0.31292831869857773,0.2339789155010148,0.3118574156076238,0.5865629431673725,0.5442748541141315,0.5958602610130485,0.9434710219465762,2
0.1397617695198524,0.5036330863248588,0.2459084205901896,0.2164665275049671,0.2071430151148865,0.07948914324518652,0.06096114741805869,0.2695778081724016,0.7150464716327347,0.009549543696977136,0.16927743640845339,0.47623150928926905,0.9077084421184484,0.49725528190416746,0.2822258383606014,2
0.1746190054923385,0.4360820813848428,0.1232783371965752,0.2094133703423241,0.1485512165153327,0.8321828841351272,0.44113487344442914,0.785972618978935,0.20195719438946025,0.7218963593345744,0.5910606780232371,0.3067483246130079,0.5915971654710448,0.15568306791054265,0.6463368258253802,2
0.1413069198330505,0.5341263058857442,0.089210876144443,0.1262791195632683,0.2374104856352748,0.0101444875044846,0.18559287107035327,0.9331261877701547,0.5052112247167472,0.541106457289387,0.4151012738357673,0.5972191746785711,0.15479705358825802,0.03258641792983522,0.31587608034116327,2
0.1714870581143384,0.481937591318257,0.1708509651975163,0.1648115748608964,0.1819497834896885,0.2745957731394165,0.06683292415824194,0.05749960347850169,0.00857839069753763,0.7306801183434664,0.7449730029192564,0.8661576698487097,0.5266162962623596,0.6763865907372942,0.4195288194954085,2
0.2300019276404754,0.46261039919709,0.2058565057156988,0.0866410542136372,0.1642994066489661,0.49819733771229047,0.3793242970442404,0.27572463134596514,0.9938049506423733,0.06675269515829174,0.8841990450646396,0.6117321015112391,0.34598485690656744,0.39700144605888005,0.4672210461252923,2
0.1625229381453454,0.4691252155211393,0.1272665376599534,0.1693833247266816,0.1876675464347673,0.20811446094895925,0.3916314832851776,0.6747277790398603,0.7114092775477879,0.971633459284559,0.07543356591743013,0.2744987461056692,0.7074909043318605,0.10838855960610817,0.8717033684045847,2
0.2241835378537458,0.5071697272277779,0.1221409960501359,0.1846484482511683,0.1433839170185542,0.571706437011993,0.35352851844944366,0.690053753142899,0.3824711548946793,0.44451554259440695,0.64999098087564,0.3048853352037409,0.26589833270680724,0.9460032675063281,0.6872354973781999,2
0.0887865678326898,0.4910926814967086,0.2032309058151346,0.2654707170066814,0.1712788039337147,0.7861234257891255,0.85078893761782,0.6060082219927297,0.1256259890147553,0.6409744889904255,0.062369755232719974,0.4017558781553006,0.8664115862951259,0.740951186695992,0.5672800188133013,2
0.1871089976945565,0.5212315188815454,0.1972718954215095,0.1830509845779437,0.1391214911850925,0.8005236842217955,0.8072913435556623,0.43833022816910383,0.5208852484917498,0.37152805978866577,0.7112991476922873,0.3522388825526213,0.41404426480790313,0.33523995226158254,0.783289448511023,2
0.2511607490535011,0.4873040793397706,0.1979208227777984,0.2322511467551448,0.2484538434739609,0.0004558966732133296,0.479470019283613,0.41207249973473237,0.2557128037097638,0.7019305806018794,0.41766438306159426,0.30406304921700084,0.36452512814180993,0.3586083405463695,0.2754083047564631,2
0.1019325631034807,0.431666186800858,0.1455256209725531,0.1597116951637125,0.1368366006943259,0.21387225804995835,0.6498536466943018,0.050381942424775894,0.5295744985428752,0.3039231267912691,0.4683769159426746,0.4281801283625682,0.40974485869800914,0.7830897304974834,0.6482989569686275,2
0.2095117670362061,0.4837071364480693,0.198845139985389,0.1167157986207387,0.2400069140953299,0.9557921798313278,0.34229425019513604,0.45998333306438755,0.1245650159611732,0.8707470730723655,0.6941443972153635,0.6667169508509663,0.5323888104067793,0.21825552104391577,0.14748800346680876,2
0.1457340920518242,0.4928264156396053,0.188779732684702,0.1726525847794084,0.1780040487206344,0.38957229301552654,0.6021573916989067,0.7812063945073302,0.3982115102210356,0.011322953788517442,0.5557042630792173,0.19777599905783125,0.3509832052506896,0.5820618176137717,0.8948101520906943,2
0.148632575356405,0.5726507805507183,0.2437133870698642,0.1722304991726386,0.2060933921590638,0.8427668777828544,0.2065207757908052,0.9878280821224822,0.17065228844780944,0.10324460802249191,0.4626527413415148,0.4125570989394433,0.8887660433063194,0.7995913196408413,0.6100148272299375,2
0.186762206474798,0.4189226565083159,0.2010498379980002,0.1569576736114708,0.2443396410741067,0.6365180042088381,0.07422403642888908,0.49895016337307285,0.8691979226814416,0.9846960426432776,0.6283007333302518,0.5768177738602949,0.5893536801457393,0.6948192026958614,0.8539285936199292,2
0.1473600384197324,0.4873009600247585,0.1536498307326837,0.162094255687587,0.1551129267747129,0.2000637570914604,0.8783646456473452,0.9571475831709235,0.456267777502639,0.44031060934807065,0.34320269293088274,0.14144282727688026,0.38812097757855823,0.4435588964222678,0.40350785040684595,2
0.1733111258453774,0.4742758444683602,0.1655206276287896,0.1559008320740114,0.1297552614694349,0.17723417577455824,0.2776915048754929,0.6072468276512649,0.4047178678116101,0.9545770157240632,0.5146745923604238,0.40852851394587847,0.591332857126153,0.45517677211013896,0.795956007884481,2
0.1668783614791836,0.5380965766878415,0.2186413320796269,0.1043405340681159,0.1961971399526855,0.38920945654387684,0.16344145418960165,0.28344694761377776,0.9702758539933701,0.10512160595234532,0.45698916896248354,0.60319559148257,0.7150286659720483,0.19629630937815434,0.5354562641130689,2
0.1984457179705085,0.4673573444638328,0.1954345270635915,0.1606929707374021,0.132087313760658,0.24246973172145192,0.6610741407383014,0.8178656039529337,0.2359444734923527,0.15626899211483525,0.21525690902581573,0.6091622116200722,0.7867604864707265,0.6814597370780071,0.6052276571192949,2
0.1946926152594408,0.4683070973973078,0.1576588986205078,0.1354693042795128,0.1300414889282518,0.4415662206268752,0.3265452905830376,0.4076564142004654,0.3075078688383157,0.5758941208510606,0.9182506492298191,0.7440418966817397,0.42976824299490596,0.2727994697215194,0.9611135688443525,2
0.1746866424774846,0.511171300619638,0.2297509237955788,0.101103744437063,0.2368692223249612,0.4499851137790746,0.13962651590358233,0.3628675575466598,0.5732726456493016,0.4428793528216165,0.4946851376453948,0.2591698999240244,0.1879352437814836,0.6003247772643217,0.49337615886601455,2
0.21061751612944,0.5394821608330699,0.153369272820693,0.1069522720728244,0.2289835230038474,0.4883922088223892,0.6608767656799647,0.9362600018167502,0.7353900256003386,0.2912791583151676,0.35438393565793835,0.8071884294405824,0.5267904761338216,0.6012786833516289,0.08691401086701073,2
0.2149970182978628,0.5446686722819145,0.1207236600529694,0.2024921920728627,0.155428393299174,0.6065762321775733,0.6213993195557097,0.147483045392808,0.7357000037533256,0.8899422624041212,0.5150157659128516,0.41314729102812114,0.41982585880379075,0.4215862748336436,0.14389286786362596,2
0.1666416909048648,0.4980318024284175,0.1545604420547962,0.1819202418023615,0.1916690846497369,0.8784735689570571,0.7428665834161333,0.6932088207533135,0.5982347876357227,0.1642139425824013,0.7877867018968414,0.6229793134578615,0.8053700566271595,0.7528856693664311,0.5020988767169223,2
0.1022988223755347,0.5060035758137825,0.1843371406927847,0.2092633141107657,0.1401319417955146,0.659425584552571,0.03922720549317893,0.1380181300607296,0.07376995014190624,0.3041892259257547,0.5547463471473348,0.36842301879575506,0.265225206450888,0.7450923088495849,0.6531933456109676,2
0.1604024587112641,0.4831553417801686,0.1805375882646892,0.143194463691569,0.1698863452678303,0.19698744410030222,0.8277440365695281,0.5576773385862576,0.23713884909322747,0.4042488903213345,0.625901104636408,0.29902506959817166,0.7114207243246619,0.6380851980883068,0.2428413129224286,2
0.1006222609143373,0.4526099321930019,0.2361558038497281,0.1394868764929401,0.2045076996384788,0.8368292500912309,0.8773963690266684,0.7614997011457104,0.4466403398767589,0.33073617443821246,0.5425246724071818,0.24419356104222928,0.2911359109689795,0.4962044167128909,0.7236908693556626,2
0.1664911468827647,0.4975290099758404,0.1652920771600034,0.1640568860695919,0.1676409939942212,0.9087714347460505,0.9519265148701876,0.7493764343647696,0.4575620824823694,0.7207505281710169,0.5302068515045704,0.6681752763125716,0.269471567145766,0.16107402429290602,0.352897789214607,2
0.1473911318368346,0.4896437283718952,0.190146398717333,0.1352603060364935,0.1216757681721377,0.3419351374367662,0.17720745264283466,0.18311327408792544,0.4525919623551087,0.9872918005863168,0.8062730379584472,0.5097578157988517,0.8099729953165008,0.9553795812277474,0.6162363997088897,2
0.1682181401251384,0.5016589410134525,0.1640454569234389,0.1668233895062466,0.1713942815440739,0.5671244978522947,0.7985892509759759,0.8390303156337898,0.9830956391994539,0.9365091574426614,0.8524214417777028,0.4420134117070436,0.6174932580289565,0.47173749966898626,0.298401025783073,2
0.2049076612064344,0.478526751137262,0.1741520907481007,0.2067198485386573,0.1951083519332351,0.15159332207563803,0.30724108163033514,0.13482902283230247,0.6195387090957183,0.9261088259901649,0.20577124101411073,0.3086690283061038,0.4193941442572548,0.7192303842000116,0.16141255037454483,2
0.1357530433204605,0.4332186892369435,0.1639951888976462,0.2002085533842325,0.1455460173577983,0.4286233824594886,0.9940698481118199,0.273700047177584,0.6707996051054688,0.38656911526027504,0.5608368406511973,0.36000894559709906,0.6676482816440598,0.7177634156301709,0.3734268570487447,2
0.1604670417587468,0.4080963091353352,0.1839618002577649,0.177175799434978,0.1285796643978528,0.5299897705992758,0.8979105891634698,0.7634612797534229,0.06985348983796202,0.7796847225713628,0.27463659751957853,0.6210005167383391,0.6704539001669583,0.46856833640464957,0.824302935462123,2
0.184797156624662,0.5032002960005576,0.1750489604979831,0.1495789520593491,0.1753796997210854,0.9080675112936596,0.7387285400257388,0.7310790052303237,0.9293196593762382,0.6051212046875739,0.44674235811916424,0.1722775493351267,0.33162814192707746,0.7217049179613237,0.622435788696447,2
0.1658092950565133,0.4945873043362893,0.161009346222686,0.1814840916973098,0.1515165165062565,0.8596017331229165,0.10505755386798221,0.09580226902672062,0.19249142671333885,0.181660969892681,0.6317890216073357,0.46084998297037244,0.2608479941302273,0.1982170436828542,0.9609416110767729,2
0.236346691951121,0.4982934884452438,0.241581621338239,0.1765747592760592,0.2499615973777104,0.865316575196182,0.8156443194857691,0.06662618603480008,0.938204505855301,0.7127760410032168,0.7596121349575033,0.36258654067422885,0.45064899382792334,0.7208849905252686,0.12113001539262887,2
0.2090133756659911,0.5216342231158249,0.1806992353286928,0.2104785366683647,0.1840020418211581,0.32545491889273304,0.8458765267255479,0.560433088399012,0.2228631544216747,0.3400982648028129,0.6669519952391958,0.49138649118537997,0.21075710025647137,0.8240492714243123,0.12887102077675028,2
0.1762706749123094,0.4784766650907795,0.160461772007425,0.1799229724841643,0.1465152177214859,0.5049498971660463,0.33986239313109434,0.7712632382492571,0.6338654321903249,0.27472653642903144,0.6780375718887361,0.4637337769149906,0.24135734037733514,0.010464667162511394,0.08544209070583834,2
0.1376842587857991,0.490772061772552,0.1378875347917495,0.1884136363582552,0.2025114518707398,0.9951605052261209,0.27411416983142123,0.36680409318314733,0.5017110764614914,0.8416930321732807,0.4497316473577128,0.322109563849546,0.33422431305751,0.6790573606909203,0.3874425978938708,2
0.1919253059550852,0.5303187523795411,0.2032758827061714,0.2026131655653401,0.1853856217085824,0.7787196569530139,0.7012516340230046,0.5357101021104864,0.3578218400946416,0.23481690044087433,0.446528393634906,0.4317298348619423,0.34818887326013176,0.26797921000920927,0.4014158869087835,2
0.2110486841056443,0.5044408033611717,0.2239463955176579,0.1065403366623395,0.2092138479006522,0.30050720462792124,0.5478856501142781,0.03994920351524578,0.7651318939347241,0.8079371876216107,0.2644814434572011,0.348712802813049,0.6946045780829798,0.5852884414718269,0.7829479630811456,2
0.1732304897495954,0.5168149166229433,0.2340648483490108,0.2133133233690484,0.1973864210392641,0.2630566568930186,0.45665050349081016,0.9636111228804016,0.17491162928796844,0.4046472272096412,0.670128132450776,0.34901253136253957,0.6639032191067571,0.2354673098438933,0.7098308479712192,2
0.2361986638036952,0.4677258682295798,0.2342168612989807,0.238966014180779,0.1820886465734439,0.36283128463986514,0.5802112573713385,0.9585094885029423,0.22864652790384576,0.5029320130151002,0.553803440575188,0.4248087669901387,0.9477863567739242,0.29841210452178396,0.9224119435907588,2
0.0861866567955805,0.574902832908319,0.1028454915838233,0.1417911058597928,0.1686511609966346,0.9237599575829006,0.6192698175059982,0.37888655816349726,0.15323823063444164,0.22988770351573085,0.35105484582730934,0.38146758248246815,0.8496527468672445,0.4735918574319556,0.21374131961520634,2
0.1681286813272732,0.4646858169235321,0.1284318412983037,0.1861198854507075,0.14675882695941,0.6440646923421536,0.6986445552569553,0.5709760175630078,0.7616254036518078,0.02297428019004588,0.23082427203348518,0.07676208502147124,0.11840228793930063,0.6160275894513926,0.24641209220880425,2
0.1828794715357879,0.520776083618751,0.1695008890640977,0.1923880197174976,0.1545815958146123,0.7172159146196244,0.9197598902681555,0.5792862424500959,0.42405939875560117,0.011483647478251147,0.3764567749481584,0.36714156387104585,0.6718947947732437,0.3560671149626798,0.8735183329807849,2
0.1921175722418999,0.5638325085322704,0.2244571663750107,0.2036634867496916,0.2447532568777446,0.22106300975380755,0.33137706981747284,0.16062985979269806,0.882544360907615,0.9408107893574287,0.3974590301271395,0.6569054406359236,0.6681954100647887,0.028648591146129786,0.7452765474452847,2
0.1583359402171098,0.4361300622321881,0.150491522237895,0.1857111580359512,0.0868202908510025,0.19462458086013223,0.8685596277586916,0.05007543510779677,0.7638121546971262,0.8280214432086614,0.7855464740039529,0.31347826003088614,0.9157543540840496,0.11793303310153457,0.43550764575037115,2
0.1544716538687044,0.4967700096824153,0.1091893607846792,0.1107800902717703,0.1863414688998738,0.41145815961685883,0.7714710608836225,0.32553930969700273,0.46215432389748035,0.36633990041905673,0.25314211499809297,0.771888998150879,0.2168807758118813,0.09317689273191218,0.18107009812064584,2
0.1497876268861751,0.5179152082815518,0.1450405477485292,0.1765894851001663,0.182448028593149,0.8768017451068434,0.6530428549812375,0.8220280539350072,0.9977766230409059,0.3894069100202856,0.49520518170094163,0.8261895189059654,0.6212026885801765,0.8047593876663912,0.4124053240020639,2
0.1992362447548922,0.4087284728726538,0.1539075545043561,0.2432520405584383,0.1483744343008307,0.5969703085164682,0.6928552177622649,0.743530018224077,0.18701082382447576,0.1116788035195656,0.5734837997049429,0.2943945495150474,0.8538487807109529,0.5249080634636184,0.5102746002339202,2
0.2259970294699712,0.5188271948750753,0.1326038749922522,0.1891985258580888,0.1579884769374399,0.5159830144112552,0.48385911331246356,0.6830693534351119,0.2306411871819135,0.755727338953784,0.3216751466065872,0.9326300128009408,0.08488329964756865,0.6986289839577055,0.24568104763818494,2
0.1397358293645863,0.4850024227821682,0.1976675598547289,0.1536928525573807,0.1571768739360224,0.4014568272507354,0.02086371261509734,0.530756810210902,0.3093307757344431,0.08247854740559168,0.3700601632484461,0.5830045793751144,0.35878941952629584,0.12755020408774428,0.57590387382971,2
0.0563181570841046,0.431325760650859,0.1323973253162697,0.1566940132646056,0.1402648037251113,0.7019633839142663,0.926562433327638,0.15737845617605617,0.4787422533535671,0.0610712568686953,0.795481426761775,0.4254962690876701,0.4847721954593124,0.419674534669496,0.6535725884456998,2
0.1485256219922803,0.5028793752024793,0.1494904690915528,0.1409099736929399,0.180119108907489,0.4691174302744965,0.04202259295859678,0.485411080870507,0.1947562322392462,0.2796546885297241,0.6680000688383373,0.678651105309344,0.3874352795519796,0.41135820415146424,0.5926155652572165,2
0.1451328452512558,0.5592503942455717,0.1138131287971682,0.2288758363501639,0.1948134491824518,0.19321534983890798,0.8936604011385352,0.5079196233861747,0.4795835417152531,0.49884630907319505,0.27065622431696795,0.9346321048566707,0.46151991629559314,0.17685276623975185,0.5825324278773724,2
0.0985610710307823,0.5396231813874766,0.1165785577257612,0.17207120120373,0.1742725984859436,0.8970395134423204,0.22227621138371068,0.20260527436666653,0.1864011778045771,0.8359652950866331,0.509014447506168,0.6969696462222488,0.44985028904100494,0.7775016538967486,0.5741809492864561,2
0.1643314615725946,0.5047949567918305,0.1696272243027987,0.1644751964314081,0.172120443779051,0.5692066660463684,0.16569094659560835,0.04154800624837074,0.07500165639093082,0.6772900625678347,0.6432080638300658,0.6245275270949786,0.8767344515994776,0.24625846510662944,0.479899487521271,2
0.1694115722471338,0.5054585100124854,0.1729163085386222,0.1693085026219799,0.1709718268262064,0.8391528922156244,0.2751761234518699,0.26322505730724277,0.7404770294423513,0.5423469084949141,0.7427646154643176,0.6965776799249834,0.33302641147044576,0.16989527870289217,0.2974627245100684,2
0.1883559244492912,0.5138647394838567,0.1723484706870274,0.1487806151827752,0.1798772049821972,0.7850582352913449,0.33320955037131816,0.800045802482336,0.20144613206956785,0.5118653116546974,0.5794771981529311,0.44089713698275623,0.6183999446361651,0.6466345864702926,0.6336812861599113,2
0.1667004622765417,0.5021569892657824,0.164460826611083,0.1680368102486003,0.1605949943572038,0.9138359393486287,0.5751809741545238,0.39534799576075363,0.49472705633579606,0.9345531513137126,0.4435354695060806,0.8656483006329401,0.5997983541176625,0.2265613038592262,0.7050266922914102,2
0.1659056903976237,0.5276171505789765,0.1697518063991704,0.2028225754085464,0.1560080562399919,0.23784815065508325,0.9932754958969193,0.6534539759582917,0.13545061091528054,0.24315650292938584,0.7267426555530551,0.4332024634279036,0.4862523134510453,0.4886519283792118,0.4515566592821142,2
0.1852801100235084,0.4932514153296896,0.0945250068840821,0.240848586531272,0.233767383925384,0.2705183977901252,0.14807002370423372,0.07829147225777477,0.10843043323231338,0.3993438824173391,0.5765996103279948,0.3215371259469173,0.5109661626137235,0.47162611417006883,0.5314814254275683,2
0.1513710563872044,0.4806489999019788,0.1529882150151209,0.1316604709012012,0.197020632786215,0.3499308379303727,0.4114438718635758,0.06286530731930406,0.7407613066437472,0.4678698477895328,0.4760142260436466,0.4702731402219731,0.4631673099950623,0.40740837341750363,0.3442943453273324,2
0.1419027800496473,0.5139538532362872,0.1417346923895615,0.1958369820396941,0.1285970439889896,0.012701678061071364,0.41970911924220033,0.576052857622314,0.16732654271926128,0.9357197249689737,0.504996666348382,0.7268757778706442,0.6651437549979521,0.5056746925675198,0.32101614749722707,2
0.1863264330902456,0.4779879787764581,0.1237451454448376,0.2225250518258849,0.1795280550672045,0.04434690110366102,0.2452413815364951,0.22951369290821,0.5079343214900371,0.02206681338701333,0.8471038219207386,0.7219531140399504,0.1607255276270506,0.7451283340912688,0.3062816005118771,2
0.1306231479097695,0.4470644489606973,0.2106093592227119,0.1329996799384026,0.1186240766270928,0.11537646855553418,0.207852814358936,0.20668270683981682,0.572672161174031,0.9018400559075261,0.9067095326744086,0.8211521537776372,0.19493291960107462,0.4465870565021302,0.37516164793360096,2
0.1778343735004041,0.4189175495204638,0.176333932451075,0.1681524231705625,0.2377182198562016,0.22146349642572494,0.5120046294389962,0.7788752662194598,0.6864063822585972,0.44139806968187045,0.6112645111989239,0.32679874581081014,0.6305598605877273,0.24956157104251217,0.2544167993839372,2
0.1251001919984725,0.514893617823909,0.2024174655311613,0.2223053081772263,0.1442095067416424,0.2666588261678885,0.26489802289396747,0.915388996638306,0.5470223993105408,0.21373491313776627,0.9044453667838975,0.660688060942706,0.2401007955931501,0.40587746703372884,0.2823534390979653,2
0.1226440985227758,0.5442853349797829,0.1319078219232748,0.1815469597870269,0.2013167276869669,0.7295233734199151,0.3420745660412098,0.07917707524907425,0.14810283014260428,0.5386148763532943,0.7584023659154957,0.8990808205338351,0.3676665224634493,0.7731992552139844,0.5854626617299854,2
0.208094909160522,0.4919549632257511,0.172618116551314,0.1972551098820659,0.1247348545804239,0.17742924765409085,0.8267112207341804,0.3527446027560759,0.41021217339466964,0.20401694667770298,0.5110552308987465,0.17896789141435476,0.34385375905006316,0.5610158036614609,0.40758773326308967,2
0.2314501428597061,0.4372006883341361,0.2036884876721904,0.1246899969243319,0.1089609945573548,0.9974159092902272,0.3017318546572365,0.6783340279832641,0.8640445777964896,0.4849945538794497,0.38990134078343097,0.6491485509723547,0.45053626851474426,0.5703258519468438,0.5902120467763757,2
0.2037993330167078,0.4790287221671059,0.1387695522509544,0.118216696655422,0.1797477174128279,0.4435710611807707,0.08432166794199214,0.46896013927298996,0.7635535461574429,0.14017540247961813,0.24717608081068773,0.23027721976254248,0.10838292483091878,0.15915348946166177,0.5878661237445435,2
0.2013608520366366,0.5315376482894442,0.1202805419081491,0.133351684410463,0.1319445001609012,0.2051625175284646,0.9184188259198871,0.7502869004599946,0.23488048972079112,0.5514673200265121,0.4605516669316331,0.22296118718562968,0.6502280254099245,0.20982373059188258,0.5586698560631228,2
0.185293937450103,0.4991793510957364,0.184375270397715,0.1929077373367489,0.1566507288678965,0.8023341114349248,0.9871316084326236,0.6193353038042039,0.8818253138017391,0.7558041265008647,0.5933579003085804,0.7477962015777376,0.49525617304926867,0.5632272394891251,0.4413753164760598,2
0.1663949468526583,0.5001154978901593,0.1667399939968338,0.1663862268477059,0.1669139551970526,0.6613051217623196,0.6302419709471209,0.6301985926309187,0.25849153677789205,0.35970096872178714,0.43574818429145645,0.7670748777642135,0.22605932460558298,0.2819085169269698,0.3305193717183752,2
0.1641875137891973,0.5001356904294839,0.1674218460283913,0.1696707527159395,0.1658360400028421,0.13006292813537168,0.46570248865358055,0.9664064637231042,0.3324373337113402,0.6861487468080264,0.3825551766612571,0.6223263605396872,0.9183400854819892,0.02704831823148274,0.5861846081900585,2
0.1607913132450723,0.4580323250864384,0.2626740173363655,0.1657665798289362,0.2106435387567405,0.10705985449023858,0.6429548304377884,0.26505634358381547,0.42593913985836174,0.6955182818812832,0.212839668354555,0.45770119570009515,0.07654440288813806,0.7888683795176886,0.605375411907393,2
0.1876572436872263,0.498728348180122,0.1419448433360712,0.1430605158566304,0.1586340383013304,0.5323089253950875,0.24115945871617905,0.17351189057675898,0.34674215547492937,0.12784336825905362,0.8088993336961163,0.5148479869551446,0.856531873064661,0.1363193353865185,0.2776054167439707,2
0.1337390209824635,0.5295598259895936,0.1714762796671121,0.2046108883852418,0.1794544728089827,0.589054361983249,0.12635558412263503,0.8673485975161288,0.07397268731989737,0.04041842113964644,0.8491297976718163,0.3238775231062292,0.17965152626920233,0.6349194422015527,0.8762821278546912,2
0.1190539931542759,0.4341261677496379,0.1273920329979357,0.1549939688493535,0.1016643371819583,0.9440806393573887,0.5893788597096102,0.8966247327335136,0.9247629818533167,0.3633926722586137,0.3475716863578002,0.19403217373899748,0.2738576423403862,0.5121076306551253,0.4567744955066726,2
0.1290717704372375,0.5546792389177544,0.0817742290997654,0.2320628705709504,0.1354998028159277,0.3234216921192583,0.31402624652325484,0.7188107055794448,0.021605460458418047,0.2550643185076916,0.6775148325691699,0.5805406075231543,0.6218940132436375,0.3094120927773572,0.42137136361004013,2
0.1878412236586208,0.5214292266897705,0.1272426188653152,0.1190942617983528,0.1450343855022491,0.4272068695829535,0.8389408379641339,0.4874364431245858,0.19366443693894964,0.5981933821750126,0.18225253335790237,0.5931807644912352,0.34322435846308275,0.6052457142156065,0.5757729380007156,2
0.1188000501949792,0.4738505777065896,0.125454879424072,0.1985898681810209,0.1858888935070515,0.6855512175122632,0.03632497927993483,0.9587854019386735,0.776900345255123,0.9079873744781441,0.7373217966905979,0.5948580727295898,0.8436973114830753,0.7403264960489634,0.09499363683170392,2
0.1970641341245866,0.4166916318090267,0.1357138875442458,0.2351337931305384,0.1606764627235329,0.1066011717398313,0.5560289073065071,0.4080401757592964,0.5662015495506182,0.3382239708247071,0.1695764626170041,0.678887421435727,0.49729818099873657,0.7506652982341034,0.9171001033661116,2
0.1449949170134548,0.5261750963176017,0.1409268253525652,0.1578510113164231,0.1550110522341753,0.6357127113283515,0.6440076558353475,0.004621819665208915,0.6379674216624535,0.9191277178514725,0.7112435706818167,0.34621158162591553,0.6035350326453888,0.5313706528967629,0.6652080016617691,2
0.216140449496559,0.5288465348571361,0.222678534698241,0.1408053414169316,0.1962445335325005,0.9398987044311052,0.43097925291160577,0.8493903063064601,0.36840277963054535,0.6683492897313271,0.6002903098982733,0.40698911886300515,0.15893506424300877,0.16815546957105326,0.4842221678115337,2
0.11103366255522,0.5092007204214234,0.2136541474111712,0.1081853018775248,0.1327232735124406,0.6680412279980379,0.8058211190036504,0.8934785887049702,0.9871313340395702,0.12031082229550305,0.26792336667332,0.815579630072467,0.34555341842164156,0.5131934911007763,0.6736255391799421,2
0.1847768329351193,0.5074666972796904,0.2308933278737519,0.1464288611037414,0.1932282742484535,0.7931641644341434,0.8380768590631957,0.7672479453730535,0.47607770268978067,0.03191957332454021,0.13538403028590512,0.2809433531479164,0.18226668357559242,0.5793918561998436,0.25759362264998276,2
0.2027619901951332,0.4877495609457127,0.2137174812441619,0.205687158234262,0.1917255156054088,0.46533932934689337,0.47310949642782885,0.4974230413070754,0.5871641671828909,0.28384843836362195,0.3433724746203615,0.2913095206157481,0.829981798999709,0.43342623253815776,0.6483779657789824,2
0.2032889856268141,0.4536588512158876,0.2698985841732541,0.1333715246236229,0.1322294454666643,0.04425157426697146,0.15392025957133693,0.9917822837275071,0.538819045456672,0.9006312606017792,0.5275523875456495,0.20270719640632587,0.5852300287919481,0.5660961406603061,0.6977111911311237,2
0.1667194137844162,0.5654386581060349,0.1553830935677188,0.2237278778211212,0.1601673998261822,0.6769170626705103,0.2917702200173873,0.009316256708527426,0.97360239670868,0.9599258151375251,0.3973341199097038,0.65478778559554,0.28459196776127765,0.46858941746969995,0.13994179867050463,2
0.1705782311648093,0.519028053201865,0.1447700576378275,0.1762089182988363,0.1597603474236288,0.4199762053650621,0.5998183207470253,0.6717803456475854,0.7065563549899296,0.5524502448436251,0.38507672488791167,0.6815795453689057,0.7115301460327479,0.5551556933849302,0.9762010281993644,2
0.1649537918932645,0.499529458522346,0.1674615258001399,0.1653222282946077,0.1684945177690755,0.8474401304745044,0.029320685261218893,0.20735418870087508,0.4889763349599954,0.15087243193125588,0.435123832391218,0.6767609457496756,0.6336640985835494,0.8073216518016222,0.1039136140535595,2
0.1562911994294269,0.1780675990203521,0.4571077168846024,0.2123999332402771,0.2138985153788541,0.44339801849424554,0.3040726105664112,0.298871941093116,0.5236726216142021,0.8496061733348271,0.27256647736698225,0.7330613281073779,0.8186986321460185,0.6218565073102338,0.08655569836939761,3
0.1183057079120229,0.169612159820185,0.4754878223346213,0.131083521000176,0.231125780885252,0.29791656752598716,0.4207735717197255,0.26920463312554055,0.18516568153570712,0.7669836477418995,0.3724058495250673,0.32873366852066294,0.5203316464759734,0.5580483630915698,0.696014829843783,3
0.0672671265726277,0.2452769682905238,0.5225252061749203,0.1408299075214625,0.1194435814739633,0.907833012993838,0.2585381237919666,0.3081773823927251,0.10140879785838819,0.5543779135993921,0.4286122467396429,0.4431182288662101,0.45300007861695807,0.23481246136487427,0.5591671579504274,3
0.1588055623571969,0.2005299730719698,0.5294882587592581,0.0998064962184833,0.2154643004686595,0.7219516711388069,0.23178301515669242,0.5350386830589755,0.04964915816319271,0.31869154923797205,0.4561517759472706,0.5386865076338753,0.6155034426698572,0.07963247011665045,0.2479525796820724,3
0.2379281670040058,0.1838742292195526,0.4308171998236641,0.0913802412386125,0.1111030961115701,0.04606150652117902,0.9703758772504141,0.8504777293377103,0.7499843993156057,0.6735647547642272,0.6969950588334958,0.7071101187109812,0.6184359595041484,0.2353405122799654,0.3753439563526143,3
0.1149547537612446,0.131556208251784,0.6044614623086662,0.1179723794918268,0.1795194112268248,0.2676178780806888,0.16347135255524392,0.6397907708730514,0.35741830030891897,0.7640023822350002,0.4506162241563776,0.38403324997724764,0.9276362258545137,0.58670742127509,0.4476066663204162,3
0.1294429689587313,0.1739053168530122,0.5294480570671902,0.137266937124882,0.1430759920866084,0.6094172889138504,0.29789961085320105,0.2807664264067692,0.14076365910795297,0.928504870828216,0.6697036572491912,0.48951738171230547,0.20560247513232202,0.5672827590332631,0.16575641804761418,3
0.1208742413963732,0.1663341034098781,0.53145020993391,0.1822846051341885,0.1699813699541255,0.7233455789756896,0.13308833781569762,0.3631229113403589,0.5099446994895147,0.9216504513516268,0.5643925574108102,0.6050034437237619,0.07827972650507167,0.2955832232870458,0.1502381889042553,3
0.0905022217411601,0.1812889079048741,0.4726453545210562,0.1886964942511552,0.0825068473098211,0.03958472801740309,0.8316200855430679,0.7518862597385266,0.8299238173940768,0.6879856242525008,0.10334112815195608,0.5253786688925794,0.6715578577908654,0.1881211603399653,0.2806743844093848,3
0.1088340916806245,0.1188355061037607,0.5440833848900649,0.2308573058327201,0.1570971875631273,0.5458094857494714,0.1332097911387684,0.05567143160962085,0.613902456121382,0.3003397469734398,0.38519422996830766,0.5294992964932876,0.5409628630670837,0.6964246551570415,0.4966296061106275,3
0.1426544752107811,0.1454117249776294,0.5110669337765456,0.136330541811466,0.1307655731897921,0.6610287041448488,0.21152497284160576,0.43681477831166426,0.43676092535232414,0.08661088813429807,0.6734255643490576,0.8288887268987439,0.6868322072288305,0.5402539389591238,0.2164678549435,3
0.1285721697042615,0.183580572101847,0.5365085697864432,0.1982240876445413,0.1644110918251977,0.2656942106829945,0.2552913375727397,0.7598018096275659,0.7606245424964622,0.548917431223857,0.6624851038828595,0.06264000822503889,0.24691050607830964,0.4383977537078668,0.8286442271649731,3
0.1613409752879705,0.1262680438505157,0.517353882659083,0.1529296053903004,0.1519310488590208,0.9956167304256379,0.8425956945886608,0.4161547458954745,0.2688165934470099,0.18511056515236923,0.2088933491147799,0.9024436800337976,0.8083367034700506,0.4815913827079945,0.4194913172134496,3
0.1653300260178686,0.1688072112751769,0.4971808621648448,0.176202972251171,0.1711419018413215,0.6315988518821548,0.13790689911154141,0.4156635680211913,0.23287430849806745,0.37868708733347667,0.4907136220453849,0.8547130037546269,0.7195615598465044,0.46490587982795295,0.608945660075574,3
0.1680764787691837,0.1894439425821469,0.5011188980058023,0.1723341628973431,0.1424153151026689,0.6271594934478528,0.4133902156828988,0.6783879915910866,0.21027160757423013,0.3663278111394155,0.9328511570727807,0.2624664056766341,0.1843840460772052,0.5709266146280434,0.19052812032694416,3
0.1503803980854505,0.1249011296550341,0.4663902942074823,0.2025518323054933,0.1830053592908993,0.4626081631013984,0.7476882016236671,0.4943602533567859,0.48597399443826217,0.5620449649655226,0.3177833778864999,0.8110704497887795,0.23461509995046564,0.6161938086854947,0.8903060653743271,3
0.1359827347435569,0.1612843429058547,0.543038339369939,0.158881072254604,0.1240019175895411,0.7333403851184327,0.22316370874648028,0.19118118228715664,0.4306625852671183,0.6475580028947411,0.6862601918106979,0.6724753616234526,0.5009337150946057,0.4344212756693806,0.2708666722228483,3
0.1666893833542874,0.1664240433426287,0.4997804551846065,0.1664558852438516,0.166644868579533,0.25788203611993266,0.2886477253303992,0.9922138220424478,0.7996392749156052,0.5945363440314039,0.5608379590970028,0.8972436085847515,0.4015357744660733,0.38269932260612227,0.511137742345125,3
0.1444864865198629,0.1052765333682976,0.4057613619636283,0.1683209030836905,0.08812778577217,0.16793816435546927,0.7005865536510311,0.20921387848903372,0.34705622737541997,0.835758087064252,0.656594292575657,0.2706102748000171,0.4328039483901787,0.5371166231858758,0.23299290355531058,3
0.231169254976754,0.1987412688741039,0.4875733441271314,0.1909060142387197,0.2330492568960422,0.12369201409591701,0.838802011397415,0.8013490549674371,0.6307813014914465,0.895000882345546,0.5077273697020435,0.3929241394786135,0.845180197668115,0.5098716312462741,0.5276226943950257,3
0.1519018259963863,0.1733671872303682,0.5105187103785956,0.1746878352279804,0.1716476039391141,0.434038333794977,0.8965723849172519,0.670218238536802,0.8551141337306141,0.5305281631066986,0.7105821872970252,0.432704373874788,0.42926683743169475,0.2622063372746202,0.851585901181116,3
0.1629912477294159,0.2204070332330952,0.5807787925218462,0.1553765478770283,0.2293617915603438,0.344752593443695,0.943559451252132,0.16862958042932874,0.19689534455917945,0.14020622537885974,0.38597786935929856,0.7938467281406699,0.7917677372787607,0.49770759103509055,0.17017212410180305,3
0.210025923369886,0.1160543611506431,0.5460828957764643,0.1964348106920442,0.2182465881146743,0.6416305241367828,0.573624666452049,0.8672148361479596,0.9752767871245825,0.12281449413431933,0.8418294110831421,0.2209463066537838,0.10631827434216337,0.3133138332715089,0.22925882562063904,3
0.1193997430734498,0.2041314049928597,0.4209545482948932,0.1876334081601995,0.2591283671941531,0.6931576573024778,0.5528688297609364,0.2928394635839192,0.46820941228058366,0.5664819526500379,0.5013333753492465,0.8258417250061181,0.554043172033087,0.8180050156117679,0.24779525470410188,3
0.1611843869597114,0.1513144253471997,0.4888464516932853,0.1559898159269033,0.1519083722349661,0.5043955662577089,0.5099054494154238,0.25645507341545726,0.5960100213596058,0.31113420924612023,0.8101156820522045,0.5403699563061231,0.29190612236491176,0.47558942818070876,0.6496365012667895,3
0.2752535527328144,0.156515868025976,0.5682865822450601,0.221373605643908,0.1729615811262264,0.0984688568336185,0.2577681574193169,0.3901323969962721,0.057224346716899466,0.5793549764580962,0.6876780730725642,0.703819962392123,0.6625292425136142,0.5090417090948112,0.5667858042249279,3
0.1948199355772573,0.176195502447672,0.4598372288685674,0.143392437049009,0.1885050618956228,0.6168321782554592,0.06356903468617148,0.14265452988606264,0.7445271491902096,0.3463849427514125,0.8847516857360483,0.25638695020900815,0.4921102418823014,0.5892286831234052,0.7191219054384661,3
0.1262560592205593,0.1819463906282113,0.5521797217566452,0.2183466091463924,0.1878594906915914,0.6560311688290522,0.8758392778284264,0.342701344697795,0.1810297506995867,0.9907442040569079,0.49924566824577965,0.5135287327716368,0.4120850942173744,0.7398466875452164,0.5269835003512875,3
0.165530233171695,0.1605454305903333,0.4933754715716373,0.1630144037313015,0.1660273139771436,0.33773579689857713,0.05052783954711337,0.15034102315242936,0.8717492924480151,0.25868349676724056,0.4429757387090778,0.3365314952314492,0.41514523371504114,0.2802574678004502,0.5742464020023452,3
0.209546351293629,0.0942844430535177,0.5649191177592359,0.1688354098432743,0.1691757325999252,0.28952367697544645,0.5939621176477001,0.23143537049668272,0.32149694071914836,0.6295147818979729,0.189693055299588,0.6129398965076284,0.14881955060259008,0.2823578636202487,0.7152505581318904,3
0.1591935093337212,0.1463659250505748,0.5290289854490304,0.1644402269561601,0.1598494817768932,0.07858763696974647,0.20387072771561277,0.6017081625468582,0.03619480431838806,0.34262692400922823,0.1616842054294247,0.7844749319290233,0.25734601854512645,0.5434322747435943,0.751266412781625,3
0.1635453592377308,0.196166929032877,0.5341990521838166,0.2135034577096883,0.1519333928142357,0.4758733748861388,0.4540146171200331,0.4376453936643191,0.6077688690395265,0.6685585496650447,0.5581129428296716,0.5706215037875424,0.6670549652762762,0.4170198888868802,0.6588545128384823,3
0.2238076313946848,0.227203911326782,0.5271327384382554,0.1132472254293089,0.2093685620050163,0.6998473247185317,0.8935653151811848,0.18882164062244278,0.9797683708670409,0.7206339105514317,0.38912975033788855,0.7309903517404366,0.17397144637073017,0.7923816174599531,0.25361109216286826,3
0.0729525079065798,0.1332787849810802,0.4655331729146351,0.2132576842247575,0.1880427713975348,0.8467191028792519,0.1520547567676086,0.2341620953385296,0.18813489673300343,0.4190255312560718,0.2690095424246046,0.33279715281594024,0.4713219476216883,0.31242045458247997,0.7596438887917681,3
0.1512489194220511,0.1503719826041829,0.4801121875158505,0.1809571606820887,0.188094675512762,0.8216033770775558,0.689334572920532,0.4725343630522063,0.18008385847593222,0.6635542559620248,0.34884693845786163,0.618214439068944,0.5490840648442512,0.3601596337994092,0.8118179415055078,3
0.1791079889735511,0.1895815143018872,0.4843475772254843,0.1703211884797264,0.1635879702388102,0.08364824019763362,0.36194903652448884,0.09320524339954672,0.9991040444033412,0.13034412012987717,0.6301471539804876,0.4749969530545389,0.905364572737967,0.753212644964806,0.22619534443335476,3
0.2325290696282182,0.0804326663242907,0.4467816386787835,0.2286786823288283,0.1798993155587607,0.5680996624627783,0.4998426293604853,0.8748152482703684,0.7797461755188781,0.623930489157664,0.49821417292494613,0.2843510303157557,0.3998949117172765,0.7074527018697544,0.6512030109099943,3
0.1957726910532723,0.19147305807646,0.5427204491984372,0.1503907021942765,0.1241783665223062,0.051737737303375386,0.1664114428859974,0.7939317517170988,0.09342011407040429,0.334969288046584,0.8704388953005241,0.20747283233803643,0.7236172671899899,0.7424453301762599,0.24200895171915943,3
0.0936846965243792,0.1772446339265075,0.5583667197427378,0.1499639301978639,0.1830819428273997,0.35946478988219577,0.38799047507797857,0.45334980291208593,0.6337631288373929,0.020950967031631684,0.5988204052517039,0.7328833623822006,0.30334968653264804,0.5080002198743694,0.7815045799163708,3
0.1570617322932878,0.1696472475271147,0.510235343774024,0.1807017791688598,0.1535078189823828,0.04104010843450867,0.5605963582303541,0.8047227464216029,0.5718121544090861,0.3290522576447067,0.5260505085824624,0.3608108381543498,0.5557773909548964,0.5212139054561624,0.2004017646201355,3
0.172399471777703,0.0890397859729729,0.4471389380037792,0.2068080862759291,0.0881849801858671,0.4125101802412213,0.4840337811815868,0.012467809743296532,0.11876956593137111,0.3505891784481334,0.8339468401032104,0.5652361138108588,0.11443361376726278,0.44054369498602813,0.3153696886979747,3
0.177485515990203,0.17277917235578,0.5032534887064583,0.1732546053858946,0.1810495054128768,0.14253994796831093,0.5214338536405566,0.4000736377715991,0.9224560078078383,0.7580690734276192,0.5959977890331105,0.5104562951492349,0.6526327594278144,0.9031325468701145,0.19378331611943,3
0.1829348367121619,0.1828412893314207,0.4921434704832203,0.1696190554085591,0.1645825168494138,0.6257950347295393,0.9979558808201384,0.508300373284441,0.4795791007653759,0.8160180357345792,0.35951147477687145,0.5136485472726554,0.5510630911260072,0.49523501980677853,0.6335043928027801,3
0.1638781595534434,0.152214484253806,0.5179854272485465,0.1536667091210719,0.1722402254648542,0.0566121218771527,0.30559246486262226,0.2601397649831588,0.32935331078298613,0.13110415984892465,0.4980964748845226,0.3440224644731228,0.7571932886942838,0.6900354642885275,0.33269661551145846,3
0.2177925589348953,0.1982917088909978,0.484945321148406,0.153327215243048,0.118192198005893,0.8216537558911863,0.4184449513424999,0.2948555903232625,0.576996033224199,0.7936295366905645,0.08464524168273432,0.4284818297647349,0.771848936365458,0.5070242497690857,0.38945160884393554,3
0.1648433948231791,0.1710168133509863,0.495650459078561,0.1635462988647319,0.1679859963403776,0.7465763832390928,0.5135732916516391,0.8605680161931385,0.9737820838257838,0.6825342206424707,0.21343385241459395,0.5447233357431261,0.7400536658213887,0.804443848826436,0.5076944171125902,3
0.1447243448747776,0.1978959424826598,0.4680901870193426,0.1735142290417676,0.1616983130264825,0.39939845828575593,0.0503962435713341,0.7385784975087779,0.754211060514076,0.7696282043071075,0.3742996873847085,0.5801423762954967,0.5173057200399549,0.4397233141648713,0.7110742118071397,3
0.1388143498263775,0.1358813483640851,0.4913862307983028,0.1897115300603069,0.1637688003758853,0.816891081408069,0.46359435016693573,0.6489321275025958,0.677885568971492,0.19744312102446948,0.5256273756529625,0.6689729362321921,0.33443247985281155,0.4620129426886339,0.5510882042801872,3
0.2312380880705022,0.1109292964376191,0.5647401316179255,0.1805506371586341,0.1531374430434284,0.7229111056592278,0.09049045129689537,0.9459886458331525,0.6414045664005955,0.9889993271153902,0.9272108035271462,0.8014830968256423,0.560146992949957,0.0901992773179071,0.25693202623502354,3
0.2005249066255182,0.1572909869699973,0.4647819508059022,0.2065821440008944,0.1335395994609591,0.12860799300058823,0.8636058405062645,0.09277965797259946,0.6120885357598408,0.7478897462092666,0.3585667511105166,0.6726480562505849,0.44345633765396064,0.32032448161587107,0.2329539272563227,3
0.1726771116643644,0.1615443845514536,0.4943121502734093,0.1707220950094269,0.1772770876774432,0.4622005976264987,0.8864794224969517,0.16544287564941018,0.5395680431170109,0.47774196619406983,0.7215041655291429,0.30856474536396283,0.18748238472130102,0.31595777967539224,0.3048240373877856,3
0.1966877167099597,0.1754967561957905,0.5079518868472109,0.1690677049681715,0.1307135276546771,0.2682098218868574,0.17544094887778294,0.8080960001447739,0.7501504523086919,0.5915595746357456,0.7833640671702703,0.259283242702478,0.2905963823762377,0.6649392971125998,0.3744353830867973,3
0.1744954724876513,0.1752176952818482,0.4821881374709083,0.1727243079069958,0.1655344538245978,0.3861410725485813,0.1444922889917728,0.6246870156858317,0.06380384704958453,0.7140156036067465,0.6633142050202426,0.3342419602870833,0.5842095610657825,0.637160218493019,0.42045693159080744,3
0.1542085022821801,0.1318124419615549,0.4821475706317229,0.2245876906136213,0.1281871695072399,0.4299165885946752,0.5358654117775979,0.11647225734585276,0.41076318188265715,0.08759707636748137,0.467986513556774,0.2214821758804158,0.5968557038923001,0.6975563476494963,0.24691327214061357,3
0.1714400627465289,0.1017665844590344,0.5475162108072185,0.0929762081759892,0.2181503629284893,0.3249475615359154,0.13328725718557344,0.6676228608657088,0.2410553680603975,0.8933708315733366,0.7871466343082558,0.4478004143785484,0.6148662613583095,0.38698620650922533,0.7229530518567451,3
0.194741746747855,0.1818917752407396,0.4905096228230308,0.1750744424471929,0.199308796575005,0.16549365320291265,0.033399842954751846,0.4330231678699159,0.7800992459903128,0.7104856301416912,0.3748686550706757,0.7209394714580958,0.33411711271532,0.15795221666674258,0.8668013367561246,3
0.1549533364796957,0.1582814346442588,0.5127638537944511,0.1565992772299967,0.1565775496760635,0.5386128130089936,0.01362510939397188,0.1778515691005227,0.37412364936200637,0.09374099089757948,0.01794766760923007,0.6776779867734789,0.47168167470604194,0.3605534181326848,0.19854014778931078,3
0.1771666937905643,0.1565846924947713,0.5063471735243221,0.1084741942597288,0.1052927455501957,0.5111305477386865,0.6353234854894142,0.5406488391861649,0.9390689152385608,0.1053140545534369,0.7957132300071705,0.7883363941842451,0.20071356682067237,0.6692119498158815,0.4173258640440842,3
0.1645399830826356,0.1679658367570277,0.5022968094512985,0.1648733070498763,0.1661208432648611,0.04926118666862955,0.5669543243877372,0.3181006692645245,0.1338058800291062,0.5946961296909967,0.6297625090334549,0.9127345243799697,0.347052356380531,0.3753994335183477,0.7667266614457195,3
0.1663748297286435,0.1673928094228462,0.5005583264145201,0.1684653174336239,0.1669011077055632,0.32803060204434986,0.74742255941424,0.5057688222105376,0.5905050957481898,0.5213642054944136,0.24727390772036778,0.5885453646034019,0.6054868931320591,0.6465991880056857,0.3691361888785307,3
0.1649334902580076,0.1660957824238932,0.4976979882412437,0.1601341926160771,0.1684598019739749,0.594788923523574,0.025953456504934302,0.7807595497008849,0.4965817565339885,0.38406604685571755,0.732451190143766,0.6004706892907866,0.41115970294490917,0.06944115326682276,0.8839799654117296,3
0.1891377761260016,0.1521363705895546,0.4539128364312064,0.1414820344996644,0.1319043220465786,0.3089868499588473,0.16864840509999046,0.8315228608054294,0.5610226035949296,0.18397792924428324,0.5989914282873914,0.7928593462167208,0.48449384392417744,0.42930254411306673,0.4668909681589429,3
0.1374227811128695,0.1310878567143351,0.5021056375386405,0.1363405527371441,0.1332789596260659,0.9517420100192429,0.013989603802874395,0.6846299692418907,0.3373194329245559,0.3335548058865412,0.6782665798381563,0.30463122854473007,0.5676996374419014,0.17738360887198404,0.6890423694631898,3
0.1735090855136124,0.1768807792086746,0.510317516516256,0.1691936913068559,0.1711720243181848,0.283665056528314,0.8543691221547137,0.5025902932345225,0.1875079346917019,0.6568399766560654,0.36406245383798885,0.493763842149816,0.5755839454755524,0.20317790390352725,0.4343330106618453,3
0.1397617695198524,0.1702997529915255,0.579241753923523,0.2164665275049671,0.2071430151148865,0.057618385610359035,0.12489148342890655,0.8900209754705974,0.7800456097319389,0.9167083975029996,0.5299415713583765,0.367943447741883,0.36052823458412464,0.9661811445697976,0.8798457403117468,3
0.1746190054923385,0.1027487480515095,0.4566116705299086,0.2094133703423241,0.1485512165153327,0.8857030702307248,0.1290766842964789,0.9756290297899406,0.13331942045550094,0.19213622387710194,0.30474137584648064,0.6061826536564124,0.45012179996015583,0.892357642489211,0.399597482453676,3
0.1413069198330505,0.2007929725524108,0.4225442094777764,0.1262791195632683,0.2374104856352748,0.15119929290922973,0.8504290313597289,0.3523289434004727,0.08811781335687796,0.7393332458059126,0.1324817174714666,0.7155210705801863,0.7638367227391756,0.5013006058421549,0.3301358194578639,3
0.1714870581143384,0.1486042579849236,0.5041842985308497,0.1648115748608964,0.1819497834896885,0.8935958185668239,0.4480464753258806,0.8937809909215307,0.16811306422099814,0.10853103517027785,0.3883037134306838,0.26821722377712715,0.1434833201631275,0.8380590175089851,0.6035639376069019,3
0.2300019276404754,0.1292770658637567,0.5391898390490322,0.0866410542136372,0.1642994066489661,0.27287531809940835,0.7600424091936557,0.5916107981472899,0.5781464362324281,0.5458104651332786,0.15114940351638967,0.473150078951291,0.6101622268168676,0.4048367523793774,0.4268943330016443,3
0.1625229381453454,0.135791882187806,0.4605998709932868,0.1693833247266816,0.1876675464347673,0.7480829885168767,0.16643922246373477,0.8824887182958973,0.9696146326496988,0.30634844982635157,0.2792871881007736,0.6743497974494372,0.448340008196167,0.5747558227904997,0.233080608794961,3
0.2241835378537458,0.1738363938944445,0.4554743293834693,0.1846484482511683,0.1433839170185542,0.997066756218269,0.39972291721034725,0.7185060409782669,0.12225455804653595,0.3807627597987501,0.941761390720281,0.5674546278952859,0.573242606580931,0.7586493132870777,0.5598054543824494,3
0.0887865678326898,0.1577593481633752,0.536564239148468,0.2654707170066814,0.1712788039337147,0.5095466199362771,0.8430857319021509,0.8176658475940116,0.7820970802166878,0.6942463444832585,0.14564252459922747,0.6845788620997265,0.45534276569560095,0.5006461688556063,0.37533850322724316,3
0.1871089976945565,0.1878981855482121,0.530605228754843,0.1830509845779437,0.1391214911850925,0.035853744624365524,0.7464231059540436,0.2248987636404196,0.972388548105701,0.8959557230213285,0.4364824038574398,0.6771564465185278,0.5743064004601628,0.621918559717546,0.13162102235180642,3
0.2511607490535011,0.1539707460064372,0.5312541561111317,0.2322511467551448,0.2484538434739609,0.44862827975981,0.6265921455956697,0.8561627162534372,0.278390342697461,0.6152995303517225,0.25250717048995674,0.5040867435463021,0.5213389700748461,0.4305002862754341,0.6449164031648358,3
0.1019325631034807,0.0983328534675247,0.4788589543058865,0.1597116951637125,0.1368366006943259,0.460593626062763,0.5869571826055109,0.9830693200168061,0.2628753484735511,0.3363729437434466,0.5593105420268788,0.19098031498708448,0.671785680992908,0.29605532500951326,0.7308301782563525,3
0.2095117670362061,0.150373803114736,0.5321784733187225,0.1167157986207387,0.2400069140953299,0.36467152636933475,0.6939256626223198,0.696695247731219,0.09196860595670597,0.13819793288298265,0.23235863202516496,0.2844020335971402,0.8761568114725813,0.520585002530478,0.7923694854191333,3
0.1457340920518242,0.1594930823062719,0.5221130660180353,0.1726525847794084,0.1780040487206344,0.1861458502189295,0.20231857539532527,0.6500072272131341,0.8518193012701646,0.9901273971539213,0.9852112212830983,0.4402234120096303,0.49693890653937856,0.303915271231707,0.4710795866645374,3
0.148632575356405,0.2393174472173849,0.5770467204031975,0.1722304991726386,0.2060933921590638,0.3172990965838558,0.766744973979515,0.0116002544285424,0.30871556784660037,0.7437748108929945,0.7566419916847594,0.5657756165041968,0.3800934911116429,0.5465776799703871,0.23644029441008355,3
0.186762206474798,0.0855893231749825,0.5343831713313335,0.1569576736114708,0.2443396410741067,0.72588989142042,0.963587326887851,0.9652802961230044,0.7858719847042345,0.8510081319446988,0.05898510458872409,0.48709566507915364,0.3524940333981104,0.4273787044523896,0.9182291643903829,3
0.1473600384197324,0.1539676266914252,0.4869831640660171,0.162094255687587,0.1551129267747129,0.24205308462489894,0.6256613415372584,0.9549605838522767,0.7416075410715857,0.9677707219755723,0.6121202759548842,0.438343260410698,0.6463415507479966,0.34312105030668416,0.4149642571239247,3
0.1733111258453774,0.1409425111350269,0.498853960962123,0.1559008320740114,0.1297552614694349,0.22151108005060482,0.4962708399028747,0.4318838953753752,0.40262436076802843,0.7236185369228029,0.4577934216490014,0.5150891558839821,0.8005466455323716,0.5944120791034585,0.41998911157661223,3
0.1668783614791836,0.2047632433545081,0.5519746654129604,0.1043405340681159,0.1961971399526855,0.3199692776237276,0.20965972771395558,0.9374554534621815,0.1601095062188621,0.24760902588894762,0.5329793386168287,0.3555452617781692,0.8234675480919307,0.29529422643390435,0.8249226358710092,3
0.1984457179705085,0.1340240111304995,0.5287678603969249,0.1606929707374021,0.132087313760658,0.10376738651640638,0.46675623621497675,0.770996731414652,0.2517788503743733,0.22690396276429103,0.3806520606114901,0.3060944506565546,0.17794407864484568,0.6773292001041603,0.5711023391206463,3
0.1946926152594408,0.1349737640639745,0.4909922319538411,0.1354693042795128,0.1300414889282518,0.6529040400726756,0.926207990338653,0.4554392289057426,0.19106973559522689,0.7586038061388231,0.5381483512046521,0.6406463753524186,0.5087304145167918,0.5795083265853239,0.38002367029872475,3
0.1746866424774846,0.1778379672863046,0.5630842571289122,0.101103744437063,0.2368692223249612,0.5404880732525121,0.3040907533911583,0.8628194261881957,0.19981452178114567,0.46221989691215415,0.2919932218837683,0.05904572542506737,0.5121570263833795,0.87317595434422,0.3118298144840542,3
0.21061751612944,0.2061488274997365,0.4867026061540263,0.1069522720728244,0.2289835230038474,0.6759929858947862,0.633514493565323,0.3625910812089119,0.4172755277707313,0.771568594313637,0.39471568514264765,0.6261249865290769,0.23938546384212014,0.449703888245729,0.6386188834059551,3
0.2149970182978628,0.2113353389485811,0.4540569933863027,0.2024921920728627,0.155428393299174,0.8439919308826194,0.7085528569972477,0.6840600838605073,0.001680304217585249,0.2926884908743923,0.4977321624002832,0.34530955926981305,0.8041406296649498,0.2689230168495618,0.2713475884077844,3
0.1666416909048648,0.1646984690950841,0.4878937753881296,0.1819202418023615,0.1916690846497369,0.6383283408004468,0.6430913621438878,0.7737076724259917,0.3010757585023093,0.1657821546737137,0.8761888421455725,0.605220737312696,0.6811346595000687,0.33260476146668616,0.16893314350070057,3
0.1022988223755347,0.1726702424804492,0.5176704740261181,0.2092633141107657,0.1401319417955146,0.7132403979159804,0.6586012354909946,0.6862019559572907,0.8868381860534462,0.7310499571965053,0.43237779559290085,0.3463915320385615,0.732283860152368,0.6136063405870343,0.8202463696262766,3
0.1604024587112641,0.1498220084468353,0.5138709215980225,0.143194463691569,0.1698863452678303,0.4103548388176127,0.953785009566945,0.94906484949392,0.4577264158121709,0.9582145586765839,0.7876886365806184,0.281883591574112,0.8101943324161971,0.5212780837391331,0.36853730408035107,3
0.1006222609143373,0.1192765988596686,0.5694891371830615,0.1394868764929401,0.2045076996384788,0.9475847059846149,0.3490309063899011,0.8292405495881948,0.6896257100191405,0.26557693821339734,0.5872279724516911,0.6000050171697268,0.3626501203001792,0.24313774755486794,0.5484147187339455,3
0.1664911468827647,0.164195676642507,0.4986254104933367,0.1640568860695919,0.1676409939942212,0.68062804461507,0.06783261514508476,0.7154445850794872,0.4734139520043672,0.17161189983933878,0.4224561903334678,0.5145503023945613,0.5451180970197921,0.6932810450764801,0.5543828161689948,3
0.1473911318368346,0.1563103950385618,0.5234797320506663,0.1352603060364935,0.1216757681721377,0.14064231703644092,0.772719882394036,0.8970591166304906,0.09135722250510092,0.3561966475442502,0.34175176039591476,0.6967248141919993,0.479743266453351,0.3702092434042233,0.47172492809045974,3
0.1682181401251384,0.1683256076801192,0.4973787902567722,0.1668233895062466,0.1713942815440739,0.5056664833959096,0.30164310444098263,0.53675357800811,0.36523431852547517,0.9161042686432243,0.6650512475168281,0.12432477708922694,0.5685791049393983,0.3517778384779999,0.6404644410340237,3
0.2049076612064344,0.1451934178039287,0.507485424081434,0.2067198485386573,0.1951083519332351,0.6026747505851128,0.6013627627905209,0.964681388663519,0.5856373826958058,0.36678239515844335,0.7948189942326663,0.3987478323786189,0.44349901745398124,0.325588501826445,0.3855966807020308,3
0.1357530433204605,0.0998853559036101,0.4973285222309796,0.2002085533842325,0.1455460173577983,0.6718258504655098,0.3173520648767385,0.36714639147533046,0.4830203494586065,0.6380435896779967,0.5635518001864139,0.08897936924046297,0.29961865665991955,0.6334106855804631,0.7571937492457609,3
0.1604670417587468,0.0747629758020018,0.5172951335910984,0.177175799434978,0.1285796643978528,0.7229679930927985,0.5174642692192776,0.4719754257065384,0.28422105700451217,0.4751202079204597,0.5437236507255642,0.2390798499362397,0.19124027515750724,0.5318489026120227,0.5769685552195559,3
0.184797156624662,0.1698669626672243,0.5083822938313165,0.1495789520593491,0.1753796997210854,0.25275745306672104,0.2936311531421406,0.9852247626165286,0.7731398736983228,0.12113513843861135,0.5971618670997053,0.6382638799315378,0.5151232329319009,0.43841806094195185,0.6345323718724982,3
0.1658092950565133,0.161253971002956,0.4943426795560193,0.1814840916973098,0.1515165165062565,0.6492435904708715,0.28684375049134014,0.4842234889417999,0.00813120257420008,0.5679338145838356,0.6683613199510714,0.28495785216772324,0.6600456262314195,0.6504838506277826,0.5414416662934345,3
0.236346691951121,0.1649601551119104,0.5749149546715724,0.1765747592760592,0.2499615973777104,0.3413339468416281,0.27939945737223526,0.8487580173554325,0.7865704080864886,0.6556712924387658,0.042909387365917095,0.3894322855937163,0.7063931136683999,0.1891425977347215,0.6863662904024878,3
0.2090133756659911,0.1883008897824915,0.5140325686620262,0.2104785366683647,0.1840020418211581,0.7206579247861359,0.3084421387243659,0.2682448854439755,0.16207096237820984,0.5458509639546166,0.4383994364691588,0.43374864362512094,0.5272343172681558,0.8947542270900516,0.29478874205433325,3
0.1762706749123094,0.1451433317574462,0.4937951053407584,0.1799229724841643,0.1465152177214859,0.5857697905193521,0.3718135671759698,0.5344704378857871,0.879596660680492,0.46177258380734276,0.3829807748058368,0.1326973611057753,0.7074003409085636,0.2628223059756578,0.436451488434767,3
0.1376842587857991,0.1574387284392187,0.4712208681250828,0.1884136363582552,0.2025114518707398,0.6014897279235795,0.2486489611719669,0.9706163098103096,0.8639058469502626,0.9766141321181107,0.09727429688911297,0.7607968373246292,0.6207627840133717,0.8655863798974562,0.3856476466596087,3
0.1919253059550852,0.1969854190462077,0.5366092160395047,0.2026131655653401,0.1853856217085824,0.8624479353885871,0.7695457342759982,0.41756564347404335,0.3168889437368716,0.7034793746793634,0.6228730812002503,0.6441915778913763,0.5677757847886127,0.2910864165119218,0.12534890851471253,3
0.2110486841056443,0.1711074700278384,0.5572797288509912,0.1065403366623395,0.2092138479006522,0.31803104962620854,0.085788531044249,0.19516601372523767,0.712100884050667,0.7184553089281722,0.19317168519468378,0.5733551066062192,0.27403359282885914,0.3328165155982187,0.5092265511219576,3
0.1732304897495954,0.18348158328961,0.5673981816823441,0.2133133233690484,0.1973864210392641,0.7154189101370678,0.4140084417109955,0.09161207552888406,0.2852350719598964,0.03269976829481336,0.7217893724204989,0.4358675572853065,0.5045046676160911,0.13502436959162795,0.8772404948445373,3
0.2361986638036952,0.1343925348962464,0.5675501946323142,0.238966014180779,0.1820886465734439,0.43658957040903656,0.5859328180780569,0.7604471628015907,0.22590946842932047,0.8650469720281186,0.9455121343087012,0.26909105684149615,0.8020160906520577,0.7021241695997662,0.5318493430999035,3
0.0861866567955805,0.2415694995749856,0.4361788249171567,0.1417911058597928,0.1686511609966346,0.7713454589567156,0.5786839590132278,0.4613251143499587,0.7517190918704255,0.3109418074137944,0.4869847475482447,0.856769668687509,0.66840485094713,0.40258825257218295,0.5552659931589492,3
0.1681286813272732,0.1313524835901987,0.4617651746316371,0.1861198854507075,0.14675882695941,0.5993053450822722,0.5916349034107948,0.5766092368429109,0.46442806053505314,0.4732106604034517,0.755464144337344,0.2980884974992819,0.4844415234595847,0.5541058001749345,0.4337617832927495,3
0.1828794715357879,0.1874427502854177,0.5028342223974311,0.1923880197174976,0.1545815958146123,0.2612043558096878,0.22173838672789825,0.554155419841672,0.24798495765617812,0.8451547835776416,0.6046843905394919,0.39043655917287823,0.8145508766001007,0.19566005599464933,0.7234832653782727,3
0.1921175722418999,0.230499175198937,0.557790499708344,0.2036634867496916,0.2447532568777446,0.5693235749680564,0.4530742496572665,0.256681900332817,0.016535267302327128,0.2863434723823034,0.4090128132464356,0.5249129808503347,0.9336382048644953,0.5560398629036857,0.605037791090781,3
0.1583359402171098,0.1027967288988548,0.4838248555712284,0.1857111580359512,0.0868202908510025,0.8378045883347691,0.5473899598636041,0.9162376443294239,0.8114668979939729,0.4725401174927929,0.4981853254805222,0.3153134090674478,0.2875954460010413,0.4241575535522035,0.6638150828433838,3
0.1544716538687044,0.1634366763490819,0.4425226941180125,0.1107800902717703,0.1863414688998738,0.9466192257145705,0.97021500456592,0.10092844060003936,0.3125790477984267,0.13983251891602244,0.26249558878873164,0.5398140725820405,0.8217572429757528,0.5225015375643417,0.5940457090127343,3
0.1497876268861751,0.1845818749482184,0.4783738810818626,0.1765894851001663,0.182448028593149,0.3380670731498536,0.6915573862151637,0.3758646603609461,0.17855598850144638,0.04696402954826362,0.315306745505931,0.7238967468277245,0.8054228654095502,0.8177164191541236,0.5870515438948272,3
0.1992362447548922,0.0753951395393204,0.4872408878376895,0.2432520405584383,0.1483744343008307,0.7340892878080543,0.8660210781370701,0.35293245243541393,0.6033811125206248,0.3109670625375909,0.49893769406460803,0.5413568751617625,0.7508039612251356,0.5664846352098992,0.6981983838976994,3
0.2259970294699712,0.185493861541742,0.4659372083255856,0.1891985258580888,0.1579884769374399,0.04906869212892773,0.7203757761707983,0.8480642849699782,0.6276376044272042,0.8863508499907023,0.4001214313625208,0.36801615733446064,0.1764690815391293,0.17569553013190412,0.48551535303016985,3
0.1397358293645863,0.1516690894488349,0.5310008931880622,0.1536928525573807,0.1571768739360224,0.4781142012324133,0.9197573555061829,0.699879938436058,0.8913533386926961,0.7816237771830918,0.08652922727735066,0.34944062885916033,0.2603881927528223,0.6315722825136969,0.6099301164186782,3
0.0563181570841046,0.0979924273175256,0.465730658649603,0.1566940132646056,0.1402648037251113,0.9619367579521505,0.033275086029823764,0.885298493990481,0.30732123997014293,0.3409295682505822,0.9339849799978378,0.6101456360675346,0.4668476008130653,0.59236689155909,0.2678400416023376,3
0.1485256219922803,0.1695460418691459,0.4828238024248862,0.1409099736929399,0.180119108907489,0.8268728773604187,0.0650101832741301,0.4505455688839566,0.38876365149767167,0.5939010896257708,0.5972038687704083,0.2954646708444278,0.3475475495209861,0.18969495378732246,0.16999065802155947,3
0.1451328452512558,0.2259170609122383,0.4471464621305016,0.2288758363501639,0.1948134491824518,0.5302834074015518,0.8970073640998043,0.604339114541817,0.9642644717909399,0.5483330675099141,0.6038049407358601,0.6007343745436929,0.599871622761877,0.33685668534511554,0.6328017530100902,3
0.0985610710307823,0.2062898480541432,0.4499118910590946,0.17207120120373,0.1742725984859436,0.5523629750519707,0.26744642701149424,0.5898571976413318,0.18851299320260928,0.2475463830109168,0.5571192223873667,0.23394898696237695,0.3852496692637868,0.14852783361924346,0.663189056950962,3
0.1643314615725946,0.1714616234584972,0.5029605576361321,0.1644751964314081,0.172120443779051,0.009254611559589732,0.15452022270302845,0.8587165969806139,0.7590693525465083,0.9149334534101772,0.45886212909979146,0.1799933744792388,0.24953016798643235,0.6354556760727258,0.6474216248431067,3
0.1694115722471338,0.1721251766791521,0.5062496418719555,0.1693085026219799,0.1709718268262064,0.7406230451980466,0.6109076356272695,0.412870421256204,0.9170199138581963,0.47462480521494965,0.6945183255372606,0.6857551813561664,0.4021780434526491,0.48459579994632346,0.1216930349333222,3
0.1883559244492912,0.1805314061505233,0.5056818040203608,0.1487806151827752,0.1798772049821972,0.3680155863163248,0.3461648710633287,0.21829382448099788,0.5438354565011168,0.6307394918433995,0.21513455993952932,0.6250002470310196,0.22378038128060984,0.47715464426788085,0.3005882439718349,3
0.1667004622765417,0.1688236559324491,0.4977941599444164,0.1680368102486003,0.1605949943572038,0.9267577288700887,0.7330411165253244,0.12208587740487198,0.09622982466629826,0.10307777168664323,0.4780732541456804,0.7592803459006938,0.39678930987911104,0.5392928021937882,0.6335298768473228,3
0.1659056903976237,0.1942838172456432,0.5030851397325038,0.2028225754085464,0.1560080562399919,0.5580880540277772,0.5248912373970953,0.31269973885580826,0.13517883435383737,0.7958131918485626,0.7031599262917684,0.4215459668073358,0.2176647582588499,0.8834115198940553,0.5477870059592868,3
0.1852801100235084,0.1599180819963563,0.4278583402174155,0.240848586531272,0.233767383925384,0.5597835517291795,0.18572889970652384,0.14455966747144755,0.5184593462659739,0.353889719020266,0.8604208182736327,0.4624036666003447,0.4208066403710075,0.4741558535494323,0.8684706293361261,3
0.1513710563872044,0.1473156665686454,0.4863215483484543,0.1316604709012012,0.197020632786215,0.8641652792107458,0.1379654310884254,0.11953855446150063,0.5275700942312395,0.9592598245260378,0.488446623042512,0.5899073350881158,0.542514295339814,0.29083087230196625,0.5121100987850399,3
0.1419027800496473,0.1806205199029538,0.4750680257228949,0.1958369820396941,0.1285970439889896,0.11779103756064235,0.5269469930428541,0.5273672072520935,0.40752284958007845,0.5412884299963683,0.6891463657230796,0.5293371134835729,0.1681458388946173,0.05392437889065481,0.15567430139266916,3
0.1863264330902456,0.1446546454431247,0.457078478778171,0.2225250518258849,0.1795280550672045,0.9639988167799816,0.22977896985251278,0.776665507235158,0.6054610587890747,0.8010515728749065,0.7243807118093131,0.13729845359143983,0.7123987354527725,0.6641973879652944,0.45794749707295473,3
0.1306231479097695,0.113731115627364,0.5439426925560452,0.1329996799384026,0.1186240766270928,0.03717132590237904,0.03668923350988451,0.8783456836559637,0.8175161471155387,0.21409327448908844,0.5476902849860286,0.6591465712464156,0.7125564986304639,0.14781917082992627,0.07063706016500926,3
0.1778343735004041,0.0855842161871304,0.5096672657844084,0.1681524231705625,0.2377182198562016,0.4499145619842765,0.7782753243652847,0.6738251079529363,0.4210371955701192,0.5637528991417774,0.6122954672611718,0.23174985307171284,0.8599599431592776,0.2209030081560321,0.23638332908485554,3
0.1251001919984725,0.1815602844905756,0.5357507988644947,0.2223053081772263,0.1442095067416424,0.33019943060767154,0.719309677723605,0.8996722254571431,0.4464470077991922,0.5939519093346067,0.7725329107139267,0.2609645622416605,0.49674100026352397,0.3345657411720958,0.834995021594519,3
0.1226440985227758,0.2109520016464496,0.4652411552566082,0.1815469597870269,0.2013167276869669,0.027926688924992726,0.5192103270513898,0.2790203836570859,0.577832523895604,0.6485363269455445,0.6964896160993386,0.3050781343743745,0.624869963547458,0.8196929867518989,0.7409323847862245,3
0.208094909160522,0.1586216298924178,0.5059514498846474,0.1972551098820659,0.1247348545804239,0.9463785169107775,0.9870564002713275,0.5217737286013183,0.4273588983547235,0.9473310435329326,0.8192797755876934,0.7290951076996559,0.6910903828995127,0.1726087612659813,0.17618725018343454,3
0.2314501428597061,0.1038673550008027,0.5370218210055238,0.1246899969243319,0.1089609945573548,0.9161820140457939,0.4834798644859799,0.17204294901656247,0.22303645619457468,0.7794218427029415,0.3134019420682517,0.1205590502558477,0.9681450002016176,0.5041620113086092,0.5725059961013307,3
0.2037993330167078,0.1456953888337725,0.4721028855842878,0.118216696655422,0.1797477174128279,0.08603915217568825,0.7172650912027716,0.7400093556834113,0.2124678810506958,0.056409456190375074,0.12623856945220302,0.6702851130400598,0.36507777165867716,0.5338847705024754,0.7177688519258643,3
0.2013608520366366,0.1982043149561108,0.4536138752414825,0.133351684410463,0.1319445001609012,0.3778873137890273,0.7966227946815132,0.011175863456750368,0.8931494937082238,0.3797644825783534,0.43822993106257485,0.7892853623786222,0.10232125731052445,0.32302915076373173,0.6313385156009437,3
0.185293937450103,0.1658460177624031,0.5177086037310483,0.1929077373367489,0.1566507288678965,0.6598991171652075,0.7018301505482223,0.8451951161443114,0.021806408876138716,0.08073331797280103,0.5291986030639738,0.14436612177875102,0.6276092226834695,0.0631384004110821,0.09749562284683727,3
0.1663949468526583,0.1667821645568259,0.5000733273301672,0.1663862268477059,0.1669139551970526,0.5072308068698482,0.4478561164309669,0.38607758503310186,0.2423637769454563,0.1982792748943495,0.40195709127275053,0.6107674991650421,0.3150346493931985,0.771893625429583,0.6571239340274887,3
0.1641875137891973,0.1668023570961506,0.5007551793617248,0.1696707527159395,0.1658360400028421,0.9357575437482394,0.2793199127195167,0.1708742608159004,0.10533752774564353,0.4180150529889448,0.8307940119007963,0.6356900417372299,0.14633419769294898,0.8425289662797648,0.5695422976201269,3
0.1607913132450723,0.124698991753105,0.5960073506696989,0.1657665798289362,0.2106435387567405,0.3296302248375803,0.7197265443568193,0.5139490773684783,0.7326458724742929,0.3413315068116075,0.763717153306926,0.3853482634495129,0.464074203027757,0.3688496988383738,0.582771830359622,3
0.1876572436872263,0.1653950148467886,0.4752781766694045,0.1430605158566304,0.1586340383013304,0.2604573981191983,0.981030617430754,0.13459074428411288,0.9338592141764885,0.8550202145628997,0.606413212952395,0.12145520121743461,0.9050137682914606,0.28153371854932324,0.33754137471599854,3
0.1337390209824635,0.1962264926562602,0.5048096130004455,0.2046108883852418,0.1794544728089827,0.3225983938539905,0.6764446332858925,0.12835618065965793,0.4801074693143166,0.8479249087377599,0.9326019490009378,0.6592052060262714,0.2591468487878825,0.8095528809208831,0.6075742998051679,3
0.1190539931542759,0.1007928344163046,0.4607253663312691,0.1549939688493535,0.1016643371819583,0.482985578383364,0.4050914273787899,0.5967444065010793,0.43571844530399906,0.03078336146177041,0.5320503569433923,0.4888106619182419,0.2557253053911125,0.7286907694104159,0.2899992899287709,3
0.1290717704372375,0.221345905584421,0.4151075624330987,0.2320628705709504,0.1354998028159277,0.6007714299120293,0.3841028902997897,0.32729860775770436,0.3021122906891096,0.7466099153335264,0.4291767435726637,0.27986875317127446,0.7373424464039261,0.9483094849696021,0.7637770457523317,3
0.1878412236586208,0.1880958933564372,0.4605759521986485,0.1190942617983528,0.1450343855022491,0.3468838139185122,0.4342913180785166,0.7768741654495007,0.7211257912573504,0.07382575166692151,0.6039656895737887,0.5183802090711884,0.5185545667605987,0.51167977681504,0.7262471864504021,3
0.1188000501949792,0.1405172443732563,0.4587882127574054,0.1985898681810209,0.1858888935070515,0.19701705035800843,0.34561973621784725,0.5350732150998475,0.16451059169626447,0.7846440783855023,0.3277816226084505,0.7434657256596071,0.970884191649951,0.5288938072736395,0.17571926350137404,3
0.1970641341245866,0.0833582984756933,0.4690472208775792,0.2351337931305384,0.1606764627235329,0.8929080066447245,0.6891218272163676,0.8436638460622288,0.9590365669108151,0.4389345876652493,0.7748242406861117,0.7298417262256702,0.5993974821364217,0.15007920566432184,0.2217363079756885,3
0.1449949170134548,0.1928417629842684,0.4742601586858986,0.1578510113164231,0.1550110522341753,0.4579079228904164,0.17635080797905667,0.29729760984981934,0.11838347171094932,0.0003608848734129033,0.381037989966071,0.8469444098548129,0.410792391649563,0.30527747531302196,0.3402710587644599,3
0.216140449496559,0.1955132015238027,0.5560118680315743,0.1408053414169316,0.1962445335325005,0.3487847197079802,0.30307405807488885,0.9940314295818425,0.10194524060085364,0.43526688636625366,0.4641992857267721,0.20823477014466002,0.5151457636741865,0.11446252097569327,0.374794529467838,3
0.11103366255522,0.17586738708809,0.5469874807445045,0.1081853018775248,0.1327232735124406,0.757959293751713,0.6263950546892172,0.6972619344103876,0.1543425684245412,0.8323308550332801,0.781737718354006,0.13884087073692747,0.5877962062143591,0.2571773013540546,0.6793096319641908,3
0.1847768329351193,0.1741333639463571,0.5642266612070853,0.1464288611037414,0.1932282742484535,0.5951997535054522,0.47821317567691424,0.11023061988934235,0.2754667632695459,0.7384389609564161,0.377409119573664,0.7427029226914995,0.6819001358051122,0.09656576651544416,0.15109780948509585,3
0.2027619901951332,0.1544162276123794,0.5470508145774953,0.205687158234262,0.1917255156054088,0.17219076933048916,0.9390524870082637,0.4351992286167704,0.22808992259794458,0.7813504674429828,0.7833380238284663,0.5821591709366734,0.2099077512404397,0.028461214004083513,0.3088710618174544,3
0.2032889856268141,0.1203255178825543,0.6032319175065874,0.1333715246236229,0.1322294454666643,0.48998263551763466,0.24533330296968192,0.8100526319690451,0.6996373019957739,0.7814684850329486,0.5054281526481589,0.9242926561372478,0.7104198212689224,0.4239131163433646,0.4140998529212263,3
0.1667194137844162,0.2321053247727015,0.4887164269010522,0.2237278778211212,0.1601673998261822,0.7382007083367461,0.6580356009145211,0.17191074242702764,0.22108614597159149,0.9836887710459946,0.39294501036582324,0.4421178760701361,0.6050800667353975,0.3314446042207722,0.5515202364217451,3
0.1705782311648093,0.1856947198685316,0.4781033909711609,0.1762089182988363,0.1597603474236288,0.9721550259408208,0.3452524060127812,0.9321120718650371,0.04672332434292081,0.06348848318783806,0.8450816651895335,0.6012868322671199,0.8674657219455107,0.3123262341754088,0.5265869276565049,3
0.1649537918932645,0.1661961251890126,0.5007948591334733,0.1653222282946077,0.1684945177690755,0.9229567599739595,0.4137790909741891,0.5050682124199782,0.4613428126957835,0.7280859330890149,0.7327497345760909,0.7470829946956062,0.5890810015673285,0.7843058665970242,0.38930527697162837,3
0.1562911994294269,0.1780675990203521,0.123774383551269,0.5457332665736105,0.2138985153788541,0.4626609240506402,0.5125964526678484,0.5465735999157979,0.8844925897374634,0.9673395340082696,0.541483048136289,0.6288963770440852,0.40897859356289934,0.10991035485557099,0.43816549727100707,4
0.1183057079120229,0.169612159820185,0.1421544890012879,0.4644168543335094,0.231125780885252,0.8613391340983262,0.2949055233142508,0.6873114870907091,0.8874498033181245,0.6589404239605414,0.47528677485865195,0.48184617588967343,0.5055763949531326,0.43497770446694467,0.7126097369246774,4
0.0672671265726277,0.2452769682905238,0.1891918728415869,0.4741632408547959,0.1194435814739633,0.19260496043233022,0.4142580358767497,0.12802591410149444,0.16325395282158217,0.21615966150014898,0.25446906548725623,0.5821219981567668,0.5303245691921219,0.3510708587043077,0.4971511422712658,4
0.1588055623571969,0.2005299730719698,0.1961549254259247,0.4331398295518167,0.2154643004686595,0.12101831064276947,0.9857820745652518,0.5687625675991861,0.10825179973507326,0.368859412375669,0.7912742619946235,0.7407184440048091,0.4526427600343759,0.6000804512075555,0.2580066140674159,4
0.2379281670040058,0.1838742292195526,0.0974838664903307,0.4247135745719459,0.1111030961115701,0.8844679479134726,0.2190170900001387,0.14457285974081469,0.8802931985699752,0.11248413566719839,0.030757792591058358,0.3396285752156312,0.5349899875625257,0.7009557776301986,0.39207102322342224,4
0.1149547537612446,0.131556208251784,0.2711281289753328,0.4513057128251602,0.1795194112268248,0.6707083011007514,0.4844623685449412,0.23078195669402024,0.9630817512564412,0.847755638086725,0.7022437319358265,0.7292235722571742,0.27463067930673213,0.1906189150824215,0.7266589630228324,4
0.1294429689587313,0.1739053168530122,0.1961147237338568,0.4706002704582154,0.1430759920866084,0.2775499582353651,0.3847017198556133,0.48609429221948186,0.7838402659490534,0.9333043754504806,0.4483404081704072,0.10577070013336137,0.6405227454795219,0.39269835020555216,0.7152713218255259,4
0.1208742413963732,0.1663341034098781,0.1981168766005767,0.5156179384675219,0.1699813699541255,0.9510232482013938,0.3513658589574623,0.9712554915776934,0.637403713437496,0.4700875267745622,0.2419414826956446,0.9380367933993881,0.39106495923937973,0.5706816595528245,0.7942490987948735,4
0.0905022217411601,0.1812889079048741,0.1393120211877229,0.5220298275844886,0.0825068473098211,0.5003641765821748,0.6573083857264392,0.6258398757287189,0.3255753400372665,0.27515285221041497,0.37837914876127265,0.4251030280192334,0.6368304314840616,0.7129847941753883,0.7324269389163589,4
0.1088340916806245,0.1188355061037607,0.2107500515567315,0.5641906391660534,0.1570971875631273,0.052414006868015006,0.6799146366797825,0.2841706877602519,0.789095099465514,0.6620181468175728,0.9287927820056762,0.08310698601868909,0.12611748158295044,0.8675956165554568,0.6061612927190348,4
0.1426544752107811,0.1454117249776294,0.1777336004432122,0.4696638751447994,0.1307655731897921,0.6041968398783221,0.9180526598555737,0.038254887925986414,0.9246643923262613,0.3255129877702171,0.27755620170001943,0.7517217667220286,0.9242166183106946,0.6010492548987599,0.33443090840772993,4
0.1285721697042615,0.183580572101847,0.2031752364531099,0.5315574209778747,0.1644110918251977,0.9469297384869242,0.0435489946905645,0.3385975715341766,0.4173242915074832,0.6981021475442526,0.17912043178332893,0.34883363096677705,0.27635873415643347,0.14179753337154719,0.7375690252332262,4
0.1613409752879705,0.1262680438505157,0.1840205493257496,0.4862629387236338,0.1519310488590208,0.6120027215158197,0.2594781020514053,0.39435202881297926,0.18849242855204806,0.012709744490066899,0.25747665042305784,0.4927972149054942,0.9294248703246026,0.6133258141133315,0.2504740211435533,4
0.1653300260178686,0.1688072112751769,0.1638475288315114,0.5095363055845044,0.1711419018413215,0.21652772921994312,0.29468815576524576,0.8492107835471606,0.2827384280044227,0.3865127814216691,0.3847431054773393,0.8088692371977887,0.6826091655375565,0.7543342242621153,0.11237434313544578,4
0.1680764787691837,0.1894439425821469,0.167785564672469,0.5056674962306764,0.1424153151026689,0.8291210287249765,0.7848903001064126,0.9922959481370874,0.01531014118590468,0.8818917118347108,0.7647139093847597,0.8427274572757932,0.32443994880395,0.3438792055126228,0.660962329366011,4
0.1503803980854505,0.1249011296550341,0.133056960874149,0.5358851656388267,0.1830053592908993,0.683637346210944,0.7579697566163449,0.8695015216489412,0.09014940116698755,0.6456309591123601,0.5297497680870127,0.17169521209974767,0.8492482048995484,0.0463856431252612,0.44487043853303,4
0.1359827347435569,0.1612843429058547,0.2097050060366056,0.4922144055879374,0.1240019175895411,0.9109655043852716,0.361713392810737,0.3439085139913931,0.9209306766334959,0.3946250593566326,0.7700966405666022,0.892014615081126,0.6037173028431099,0.8736756820567385,0.6736132124171281,4
0.1666893833542874,0.1664240433426287,0.1664471218512731,0.499789218577185,0.166644868579533,0.6221997343007846,0.771597021595714,0.2115033868114865,0.46976415265827964,0.7430111009101783,0.13642833245382516,0.23918450159050003,0.5441503676769659,0.39263341802406804,0.3068996370794958,4
0.1444864865198629,0.1052765333682976,0.0724280286302949,0.5016542364170239,0.08812778577217,0.8156418925936891,0.21681509456648596,0.21303993888524986,0.6635223364621723,0.795476113420458,0.47250026179479027,0.6004935007988544,0.5988584406250856,0.8657891936760781,0.6897111166168027,4
0.231169254976754,0.1987412688741039,0.154240010793798,0.524239347572053,0.2330492568960422,0.4800920570246112,0.7137876246686083,0.4626736785471005,0.6683300838610294,0.23553961196003137,0.25451969510430694,0.7464591321903776,0.4916091962566081,0.8580557063269582,0.4149029763201071,4
0.1519018259963863,0.1733671872303682,0.1771853770452623,0.5080211685613139,0.1716476039391141,0.2558870594301489,0.6234526330859705,0.07098781517971742,0.6152233166301685,0.2892709811675893,0.6520114082387792,0.5505285423645213,0.4178142020931184,0.360614568611683,0.8174345510417379,4
0.1629912477294159,0.2204070332330952,0.2474454591885128,0.4887098812103617,0.2293617915603438,0.25727312458875873,0.4914041264666128,0.0750558156256842,0.5320519607780266,0.5307172752083545,0.7335829801594952,0.278541552140036,0.24941624764062773,0.49385845257509975,0.8021967479577983,4
0.210025923369886,0.1160543611506431,0.2127495624431309,0.5297681440253775,0.2182465881146743,0.44359979149948114,0.5029930393929662,0.633985842003084,0.28623883862755395,0.6952445101966166,0.047086953470523656,0.16418461362527303,0.3964197007348559,0.6083475336039905,0.1781262592017043,4
0.1193997430734498,0.2041314049928597,0.0876212149615599,0.5209667414935328,0.2591283671941531,0.26348680662213075,0.4391363178456851,0.6146817337417837,0.9879671602436626,0.8225477603083454,0.4661493262101529,0.32260735889024816,0.5084317260714867,0.4040222608519529,0.5225062883623328,4
0.1611843869597114,0.1513144253471997,0.1555131183599519,0.4893231492602367,0.1519083722349661,0.2716312621917304,0.08141184585356043,0.7142404682042205,0.4623879391569816,0.6115405474259348,0.8612222654669792,0.7718252698851363,0.32757293206224253,0.8488033930345308,0.5439718965305912,4
0.2752535527328144,0.156515868025976,0.2349532489117267,0.5547069389772414,0.1729615811262264,0.26621812972065106,0.6963669059352152,0.7752338048015197,0.8533263870018546,0.48537112927554893,0.13794694869106974,0.7161432199631043,0.5135337357764171,0.5180610497317995,0.6481440314855073,4
0.1948199355772573,0.176195502447672,0.126503895535234,0.4767257703823424,0.1885050618956228,0.9693016484289727,0.04180752227724549,0.615938649370787,0.5298970921388376,0.9088430259399483,0.7490497643752705,0.03574474667140475,0.3989146671708974,0.4056919504925293,0.4525932756605983,4
0.1262560592205593,0.1819463906282113,0.2188463884233118,0.5516799424797257,0.1878594906915914,0.2334157708823954,0.29693264366044536,0.5036178512085825,0.9586952026612705,0.6888002909601098,0.25726958578635595,0.5827288046099026,0.2793357862565253,0.4813123234566699,0.18114856534152954,4
0.165530233171695,0.1605454305903333,0.160042138238304,0.4963477370646349,0.1660273139771436,0.3615996231460865,0.6975362927989945,0.6856120976825003,0.702582554691027,0.12117317692540241,0.47903716189359163,0.16384089760144652,0.6066299582448692,0.885424108802762,0.8357780634022139,4
0.209546351293629,0.0942844430535177,0.2315857844259025,0.5021687431766076,0.1691757325999252,0.36070102936290005,0.9527783185985095,0.9207891531259937,0.15328886010575127,0.2900641265848305,0.6641935359467729,0.4777448621389099,0.22098271583843337,0.35920847504011477,0.07368359205477555,4
0.1591935093337212,0.1463659250505748,0.195695652115697,0.4977735602894935,0.1598494817768932,0.19643697015243744,0.6989743387963578,0.6722345560447707,0.6695098173586875,0.24767839057015983,0.1834486540327396,0.9797710457579561,0.38397721867566914,0.6315460711767317,0.14513115571779767,4
0.1635453592377308,0.196166929032877,0.2008657188504832,0.5468367910430216,0.1519333928142357,0.28983352653422245,0.98129660233169,0.41440090593699663,0.40046409917085946,0.8979941372193121,0.4287049491046064,0.1933056755212566,0.1577629209305654,0.6549404129842235,0.6355082548307645,4
0.2238076313946848,0.227203911326782,0.1937994051049219,0.4465805587626423,0.2093685620050163,0.30796448517421016,0.2075080814943283,0.6780706909771761,0.10294319412398045,0.9925197682979223,0.24906167077990102,0.8905886281280508,0.19497865409702178,0.20161684320133968,0.2924805614613231,4
0.0729525079065798,0.1332787849810802,0.1321998395813018,0.5465910175580909,0.1880427713975348,0.35038643766753985,0.5070946012878053,0.7652535573132673,0.5452569993412214,0.2461435965314741,0.5065217194533238,0.5807528427069646,0.6989989884698604,0.27217220553604654,0.1750502791511365,4
0.1512489194220511,0.1503719826041829,0.1467788541825172,0.5142904940154222,0.188094675512762,0.9351587926007148,0.4953378974694589,0.7608633197092698,0.009774389018261775,0.6238906917214398,0.6919352397189229,0.4101984741835072,0.16971809176596228,0.6614988817588228,0.3518606392786064,4
0.1791079889735511,0.1895815143018872,0.1510142438921509,0.5036545218130598,0.1635879702388102,0.17475492455707853,0.0010847612283623187,0.46927636448257315,0.43410076119342333,0.4787727133247356,0.6539765929762411,0.7600504360058095,0.7848138064332142,0.514491303741387,0.2647096374033291,4
0.2325290696282182,0.0804326663242907,0.1134483053454502,0.5620120156621617,0.1798993155587607,0.026744778828306615,0.25987580604332805,0.2187576573903396,0.7595026491731081,0.3924865454247397,0.7719856516535092,0.2384965044771791,0.1255532911695429,0.8155028496944171,0.28010014163359875,4
0.1957726910532723,0.19147305807646,0.2093871158651038,0.4837240355276099,0.1241783665223062,0.7283337627689995,0.8659492374819258,0.18532348597316062,0.10003494387546796,0.8461229222007703,0.5694584557930992,0.5406401250923115,0.7227075381920024,0.4809034725312485,0.3418650902156716,4
0.0936846965243792,0.1772446339265075,0.2250333864094044,0.4832972635311973,0.1830819428273997,0.6342902654399833,0.8368896613573014,0.8116960527973279,0.54903456743159,0.585173672816602,0.7471845968120165,0.46132202451485127,0.9180698154163702,0.30524401280001845,0.08103203272148109,4
0.1570617322932878,0.1696472475271147,0.1769020104406906,0.5140351125021931,0.1535078189823828,0.9985532265009245,0.5054274375406487,0.17394830492680313,0.8433054230254395,0.3716098362516418,0.8106291255200255,0.5552612368869528,0.29101311492613774,0.8087464125563707,0.5654577226956381,4
0.172399471777703,0.0890397859729729,0.1138056046704458,0.5401414196092625,0.0881849801858671,0.6834908145802162,0.14442554014587516,0.8966460131194615,0.301823373447769,0.6283524441231663,0.5956339176906519,0.7969354021013791,0.4344632010405177,0.45368196381647136,0.5219658841263154,4
0.177485515990203,0.17277917235578,0.1699201553731248,0.506587938719228,0.1810495054128768,0.023461798585261096,0.8929929991372149,0.0067090290483492465,0.266031443108556,0.9961678960026663,0.24646549692091688,0.10614344436290675,0.8874835352466874,0.7827999287276725,0.45636391111274477,4
0.1829348367121619,0.1828412893314207,0.1588101371498869,0.5029523887418925,0.1645825168494138,0.7308133700869628,0.414690410038718,0.5332767611522533,0.9986153926530634,0.41538774714382476,0.4611670469136438,0.6036718865945422,0.2793267055224963,0.603495262434933,0.6730508060286939,4
0.1638781595534434,0.152214484253806,0.1846520939152131,0.4870000424544052,0.1722402254648542,0.3373438274811166,0.5723671426335675,0.3512558865230806,0.6879690720436541,0.2249766515601116,0.38220637839078403,0.3418709177019723,0.10489226390138205,0.4814880854030667,0.5686033747285749,4
0.2177925589348953,0.1982917088909978,0.1516119878150727,0.4866605485763813,0.118192198005893,0.37599186462409717,0.408453728397261,0.7666994479653146,0.6833974135698673,0.9138085290937443,0.13029444867801232,0.5390098357921745,0.258920792893362,0.5449210509137646,0.8972406000555753,4
0.1648433948231791,0.1710168133509863,0.1623171257452276,0.4968796321980653,0.1679859963403776,0.14078081156272015,0.6562338169469214,0.35213517166947295,0.9369632374331576,0.9469069097807007,0.8586331583608185,0.5216206347524995,0.09826467772657464,0.7318366467543408,0.6157474325954608,4
0.1447243448747776,0.1978959424826598,0.1347568536860093,0.506847562375101,0.1616983130264825,0.7635895324779882,0.5003808465127041,0.2540994679409231,0.5769828545746006,0.4239610155017436,0.6840457368217564,0.36690558549235025,0.36734508399576415,0.8060354865985079,0.6248769607600195,4
0.1388143498263775,0.1358813483640851,0.1580528974649694,0.5230448633936402,0.1637688003758853,0.062038348565910284,0.1749706789922596,0.35953522670438476,0.5422032535775155,0.3580407373999631,0.6527024215954076,0.5029570507936117,0.4986285038834919,0.5072632714285256,0.547253674900247,4
0.2312380880705022,0.1109292964376191,0.2314067982845921,0.5138839704919674,0.1531374430434284,0.010838467599321056,0.6924124933472523,0.4840709064128802,0.597494617807262,0.022698223571407716,0.20451951289199036,0.7744263014432465,0.5758885583938727,0.5531976661005674,0.5166699329070803,4
0.2005249066255182,0.1572909869699973,0.1314486174725688,0.5399154773342277,0.1335395994609591,0.6440667662064548,0.5843064193631358,0.08540082340252397,0.7773178042886596,0.858953585925134,0.3018442116937428,0.5686643087634186,0.48279098112435215,0.3663365737820953,0.4159397758634306,4
0.1726771116643644,0.1615443845514536,0.1609788169400759,0.5040554283427603,0.1772770876774432,0.8055307382987577,0.34715152709047004,0.7225222131854854,0.593717544657396,0.2120204044009537,0.7864760838605636,0.12674728166733598,0.4115642853620546,0.4855910452597532,0.1832443725702291,4
0.1966877167099597,0.1754967561957905,0.1746185535138776,0.502401038301505,0.1307135276546771,0.14663417643016075,0.20090417510153313,0.7806844934820409,0.4255712934807103,0.8383612919055465,0.13013232715886475,0.7706588186794301,0.42508810631624544,0.2295378839796224,0.4831526196820847,4
0.1744954724876513,0.1752176952818482,0.148854804137575,0.5060576412403291,0.1655344538245978,0.42255972015974796,0.8099742180957734,0.004724274756080171,0.6795286701935612,0.8849238958024104,0.574426467677239,0.8392941887901133,0.7351974462604828,0.393178039652386,0.6367428776229084,4
0.1542085022821801,0.1318124419615549,0.1488142372983895,0.5579210239469548,0.1281871695072399,0.7309617899952019,0.13920546243595366,0.9642398535387793,0.002672422657372553,0.3136724376222816,0.5551111899729149,0.30012681882023495,0.6822907218235704,0.5585482818509235,0.6905152693634158,4
0.1714400627465289,0.1017665844590344,0.2141828774738851,0.4263095415093225,0.2181503629284893,0.8802743594372067,0.21267286775810657,0.9954341583096861,0.011786275046092087,0.27240223642718275,0.24066142248552075,0.32769720343522923,0.33331501657884743,0.2756766734240901,0.47969176370194827,4
0.194741746747855,0.1818917752407396,0.1571762894896974,0.5084077757805262,0.199308796575005,0.40300300286704593,0.9350811989832464,0.03890350495125716,0.5507580387877411,0.31310813581264396,0.24154556752838144,0.17680903567592657,0.6208470409843703,0.4348758497076874,0.44400512557419103,4
0.1549533364796957,0.1582814346442588,0.1794305204611178,0.48993261056333,0.1565775496760635,0.4206352388627037,0.4870673418421876,0.29368203694866446,0.17218593623874834,0.5119282649469654,0.6246098525819163,0.7044741430314712,0.816474680755269,0.7221439866555928,0.44818147696492644,4
0.1771666937905643,0.1565846924947713,0.1730138401909888,0.4418075275930622,0.1052927455501957,0.5001790798027129,0.14408697896205758,0.7970637177775697,0.14781997482860332,0.4555138878908549,0.2898936196707873,0.5445510453187544,0.43126331263413825,0.7888505348808266,0.636224462580446,4
0.1645399830826356,0.1679658367570277,0.1689634761179652,0.4982066403832096,0.1661208432648611,0.12359041988788466,0.0834135802311593,0.14340831944459387,0.25666343225342436,0.4519345326753428,0.3624526132299273,0.12625954555365362,0.3729513780378771,0.6185450172863168,0.3594437334902366,4
0.1663748297286435,0.1673928094228462,0.1672249930811867,0.5017986507669573,0.1669011077055632,0.7130322230441104,0.6893263942477887,0.7455242536967777,0.8676877257696787,0.9030856377031012,0.3306171160895725,0.5958303230095437,0.6936576302646125,0.6659269417456593,0.6380595704141246,4
0.1649334902580076,0.1660957824238932,0.1643646549079103,0.4934675259494104,0.1684598019739749,0.057955878097669555,0.820896387678376,0.2869319133948771,0.08315707014863827,0.7289136420925096,0.5817483551213463,0.6929225545079644,0.7101694080985395,0.8188106664261188,0.6291487152863748,4
0.1891377761260016,0.1521363705895546,0.1205795030978731,0.4748153678329977,0.1319043220465786,0.21537022680168671,0.646977696602416,0.47592130309830116,0.2476742037126789,0.3584177125581738,0.08449665341092066,0.40490294338874977,0.8607052393912996,0.5614533474826073,0.8332615221287054,4
0.1374227811128695,0.1310878567143351,0.1687723042053071,0.4696738860704774,0.1332789596260659,0.7828878783187644,0.08282832909881277,0.06050805818764249,0.1773845625179884,0.10627574121300665,0.30322315946279804,0.2985395660632494,0.5757579827138438,0.4619720563166587,0.4475083905375035,4
0.1735090855136124,0.1768807792086746,0.1769841831829226,0.5025270246401893,0.1711720243181848,0.24983118956972916,0.8932322854985506,0.23347914106323853,0.2517017642949865,0.6548765395522572,0.5728550865187287,0.6371503876769542,0.32607195735785877,0.8074229177513392,0.7510163462576058,4
0.1397617695198524,0.1702997529915255,0.2459084205901896,0.5497998608383006,0.2071430151148865,0.13556797397336162,0.7665572101323688,0.8095858849815883,0.7978007300976848,0.12266520027738625,0.35723931713353674,0.6653249336926873,0.6443765579932755,0.26172836980257097,0.4675176923645652,4
0.1746190054923385,0.1027487480515095,0.1232783371965752,0.5427467036756575,0.1485512165153327,0.7649182594351512,0.9181039752939426,0.17949847490882975,0.7510281853562776,0.9216659358790783,0.2623820783251885,0.30692012019807663,0.543664242281517,0.4225371625245071,0.31528544856879387,4
0.1413069198330505,0.2007929725524108,0.089210876144443,0.4596124528966017,0.2374104856352748,0.8302704239616349,0.6311451239710197,0.8843551354629807,0.35624539423360857,0.13906173079937756,0.3741899995994374,0.4589161098182248,0.41342489362374546,0.48669955744007104,0.2960202196244702,4
0.1714870581143384,0.1486042579849236,0.1708509651975163,0.4981449081942298,0.1819497834896885,0.6969399133781695,0.49460544687976027,0.8947461210746641,0.9159692883095549,0.6308695937056236,0.5370831873018095,0.6771764119208148,0.6358129603852517,0.5874097392249467,0.6356412627803981,4
0.2300019276404754,0.1292770658637567,0.2058565057156988,0.4199743875469706,0.1642994066489661,0.5774538042830221,0.7402234468305319,0.7100644944505158,0.3510124061022363,0.5701271375357337,0.11435289041290968,0.7888335060274575,0.4497624152816996,0.31994194721791974,0.694625407152736,4
0.1625229381453454,0.135791882187806,0.1272665376599534,0.502716658060015,0.1876675464347673,0.34609788678858255,0.3019440289785823,0.8430945390090369,0.37034879378677554,0.2998685106277993,0.06456937562452365,0.4430235505892819,0.46029504127346293,0.7287357161981955,0.7344397943259182,4
0.2241835378537458,0.1738363938944445,0.1221409960501359,0.5179817815845016,0.1433839170185542,0.13006943670712068,0.8952874790279108,0.437912068399427,0.7144128084238212,0.11877196495506137,0.14954276446980921,0.038768641027648536,0.5041420927362036,0.671088799992099,0.48293721065059814,4
0.0887865678326898,0.1577593481633752,0.2032309058151346,0.5988040503400148,0.1712788039337147,0.052836743992692226,0.12430726534047865,0.15098950906136377,0.7973936072010669,0.05368947999157481,0.5235346351585307,0.4867373403813572,0.6668315597340597,0.7918587541729808,0.7412850300719305,4
0.1871089976945565,0.1878981855482121,0.1972718954215095,0.5163843179112771,0.1391214911850925,0.3642197346240915,0.01787654858480292,0.9042251921114814,0.8122818768002888,0.6862826054409387,0.24139434231203352,0.29768790000146944,0.38060800854347215,0.6047409932557558,0.783872754926055,4
0.2511607490535011,0.1539707460064372,0.1979208227777984,0.5655844800884782,0.2484538434739609,0.967983141438847,0.9024030149063512,0.4905316422472399,0.4037957209296489,0.5727143318058353,0.16886431407593427,0.24232962451661427,0.4850183382354624,0.6396418714309274,0.22480588621269218,4
0.1019325631034807,0.0983328534675247,0.1455256209725531,0.4930450284970459,0.1368366006943259,0.6465903911422871,0.5901602097733171,0.07392165818743601,0.5734599147192347,0.4396434723650122,0.5513125314808484,0.214596173075298,0.459365310893597,0.853103459367743,0.7299544792948199,4
0.2095117670362061,0.150373803114736,0.198845139985389,0.4500491319540721,0.2400069140953299,0.33187567195580125,0.016152821311631427,0.3444820053793185,0.28215525081275405,0.40086116537983274,0.39597099846733597,0.7088711027143358,0.5512444564383784,0.2426305382992663,0.5432368515082847,4
0.1457340920518242,0.1594930823062719,0.188779732684702,0.5059859181127419,0.1780040487206344,0.6588160858933587,0.23709363800038297,0.17265342234171677,0.10541791612114415,0.7398409515542884,0.36573967888445397,0.37090528085648644,0.3905165833000023,0.4266004745297352,0.46442458511670165,4
0.148632575356405,0.2393174472173849,0.2437133870698642,0.505563832505972,0.2060933921590638,0.07678069999208081,0.7573260375162485,0.2656850676028405,0.621140832838861,0.4071431990854819,0.362244404767854,0.30589470676314284,0.429018777964903,0.7593938456216514,0.9328353041177012,4
0.186762206474798,0.0855893231749825,0.2010498379980002,0.4902910069448042,0.2443396410741067,0.48360862530749726,0.32145174879854865,0.6467526805017307,0.2274533133739287,0.6523194412148191,0.3378700294202658,0.47457025474011094,0.6660007802758533,0.5812426829540022,0.20027988983053097,4
0.1473600384197324,0.1539676266914252,0.1536498307326837,0.4954275890209204,0.1551129267747129,0.19680059987417053,0.5638302941011598,0.8036204717776696,0.5480177769902992,0.23950064561926954,0.8036228573755101,0.8200702623241178,0.3710346495558715,0.17157234659529963,0.38623700742978007,4
0.1733111258453774,0.1409425111350269,0.1655206276287896,0.4892341654073448,0.1297552614694349,0.7422946672573194,0.38992721993591584,0.7111004138790817,0.8237262943940394,0.9408942247283388,0.6381157072777632,0.7440603934218223,0.8800402918316153,0.3378956437030218,0.5427031143052256,4
0.1668783614791836,0.2047632433545081,0.2186413320796269,0.4376738674014492,0.1961971399526855,0.8437443072019192,0.8050683917090394,0.05128998759735892,0.06134881433365158,0.21240487897678495,0.6546706789851126,0.7284255197252447,0.7916942822381124,0.24051619179488865,0.6334011900845535,4
0.1984457179705085,0.1340240111304995,0.1954345270635915,0.4940263040707354,0.132087313760658,0.35476721522034527,0.9198068859860793,0.005181998268886767,0.8844337035005408,0.04007798086541736,0.4697722164632263,0.8649151255771951,0.5697602803552163,0.16539767340580735,0.9147201787624946,4
0.1946926152594408,0.1349737640639745,0.1576588986205078,0.4688026376128462,0.1300414889282518,0.18166724607067308,0.9603644034137199,0.7322969236716139,0.5714376682035149,0.9849536083529654,0.6030623481399605,0.11088504873427751,0.8278347641254475,0.299643006729112,0.6539663292385816,4
0.1746866424774846,0.1778379672863046,0.2297509237955788,0.4344370777703963,0.2368692223249612,0.9040221074041045,0.6733251425582456,0.4143031438681769,0.3118399671315505,0.06679996713747594,0.6715326872516957,0.1975496751447328,0.759292003080171,0.527477928263887,0.27012605328786354,4
0.21061751612944,0.2061488274997365,0.153369272820693,0.4402856054061578,0.2289835230038474,0.4032649570424579,0.11030310725069647,0.9580710520457982,0.4772937235286131,0.2246931310098641,0.3755868382600234,0.47354562408103157,0.5583970350450168,0.8003687996299731,0.801659170706661,4
0.2149970182978628,0.2113353389485811,0.1207236600529694,0.5358255254061961,0.155428393299174,0.3594151269470831,0.44345863510692807,0.0810956415098325,0.10119440881773334,0.7109035445008657,0.3913584783682897,0.2634848730081472,0.08913890051079393,0.4399010346566954,0.38493580214089007,4
0.1666416909048648,0.1646984690950841,0.1545604420547962,0.5152535751356949,0.1916690846497369,0.18794714694444348,0.32884577844524954,0.451449580827889,0.18619925439438834,0.3256852297696049,0.2896661885123187,0.3134925542998268,0.3939749646294005,0.6958487161880105,0.39684572048356437,4
0.1022988223755347,0.1726702424804492,0.1843371406927847,0.5425966474440991,0.1401319417955146,0.6720487214513852,0.9755171137446592,0.7400024226472034,0.7185170467622034,0.7136274298349901,0.48378462709271586,0.5336133251575895,0.32765316610383827,0.822142163198201,0.6346327366790228,4
0.1604024587112641,0.1498220084468353,0.1805375882646892,0.4765277970249023,0.1698863452678303,0.9521525334108358,0.03636804682370143,0.845216994513488,0.4464903791989996,0.4523408562738964,0.6441630674780034,0.6271589424912796,0.29026487421893804,0.5607680516503273,0.46084387271837846,4
0.1006222609143373,0.1192765988596686,0.2361558038497281,0.4728202098262734,0.2045076996384788,0.6917065102656914,0.9883191758986769,0.9451073971446416,0.5864379604823088,0.2884935146032629,0.6341268292646953,0.4007259727569549,0.15142552389905944,0.9178594433570225,0.2879293794787729,4
0.1664911468827647,0.164195676642507,0.1652920771600034,0.4973902194029252,0.1676409939942212,0.802005849045131,0.9716152659413676,0.2708535254660256,0.451541597217486,0.81364204205185,0.49269091282028826,0.7065275843614341,0.34676006634138384,0.12754373739762886,0.41973074894363044,4
0.1473911318368346,0.1563103950385618,0.190146398717333,0.4685936393698269,0.1216757681721377,0.8226994679003914,0.6954272452911139,0.4952572989121472,0.4627687254464167,0.8035974692148988,0.5434469665971167,0.7847854675434514,0.7909076513332951,0.3615538244390455,0.3982970099596596,4
0.1682181401251384,0.1683256076801192,0.1640454569234389,0.5001567228395799,0.1713942815440739,0.9179250908498319,0.3422567748452543,0.3588776178974903,0.7372668770419848,0.15140373719472544,0.7590647773340999,0.4407658684538011,0.7456748886759151,0.6821043501050857,0.6372337730833203,4
0.2049076612064344,0.1451934178039287,0.1741520907481007,0.5400531818719906,0.1951083519332351,0.9172514990281906,0.36208721657554654,0.6892171469468367,0.09777576198336158,0.029242080179029184,0.528438194397819,0.6101800170327251,0.2683836368766077,0.24202140323614016,0.11522554223904077,4
0.1357530433204605,0.0998853559036101,0.1639951888976462,0.5335418867175659,0.1455460173577983,0.968608028295288,0.25989685891271364,0.4304558435129684,0.944099063890154,0.39292774086255744,0.6114193670517387,0.7045953542611975,0.10123184926058475,0.43442344631673946,0.7812126952628529,4
0.1604670417587468,0.0747629758020018,0.1839618002577649,0.5105091327683113,0.1285796643978528,0.13993897675362887,0.29341425320724523,0.49689780024756636,0.2942221379762251,0.6530781004652627,0.5529926873423046,0.7030851788952552,0.41201757756532154,0.1742280128244987,0.2571728569047273,4
0.184797156624662,0.1698669626672243,0.1750489604979831,0.4829122853926825,0.1753796997210854,0.9982837207708616,0.2861639742112462,0.12618212183500344,0.91228895567665,0.2472667432541229,0.7351534111843095,0.3298089488531892,0.24977846678946747,0.43933994001417137,0.780441403476445,4
0.1658092950565133,0.161253971002956,0.161009346222686,0.5148174250306432,0.1515165165062565,0.9056421594927756,0.0673200450093342,0.292121122018145,0.2145274171013698,0.5438235217565013,0.20402865281641602,0.25512452390088974,0.722447298185578,0.6616814557711503,0.09161931224887376,4
0.236346691951121,0.1649601551119104,0.241581621338239,0.5099080926093926,0.2499615973777104,0.7069156859377917,0.181683866816977,0.3265077959039685,0.8105894045583283,0.8710476338670272,0.4055111500553525,0.2964214647965822,0.8940955965220054,0.5853990568784456,0.4479527181302463,4
0.2090133756659911,0.1883008897824915,0.1806992353286928,0.5438118700016981,0.1840020418211581,0.7211525256251774,0.6952232901200626,0.9676875635543578,0.31183119724435426,0.1503280944672769,0.47198634814542295,0.5639799828423449,0.9065503202525924,0.3956355601681917,0.7525725834776515,4
0.1762706749123094,0.1451433317574462,0.160461772007425,0.5132563058174977,0.1465152177214859,0.2874901022548252,0.6308506141728055,0.7859669863083909,0.4487093823777528,0.3813499385714233,0.23465060507186095,0.3221455876856812,0.709663905110659,0.7810186039600122,0.3510541482072355,4
0.1376842587857991,0.1574387284392187,0.1378875347917495,0.5217469696915885,0.2025114518707398,0.5547381228458761,0.5494813603665198,0.5590311731206097,0.5117633981677113,0.4305203656856984,0.7116367459377962,0.591056795792018,0.36465949706872836,0.7636544203007596,0.32145165002388615,4
0.1919253059550852,0.1969854190462077,0.2032758827061714,0.5359464988986734,0.1853856217085824,0.6156111016717117,0.28944436711007615,0.36233079178061567,0.789873731976593,0.8347941553531695,0.32082519618112965,0.4711333765782269,0.597494116134615,0.38766977515849016,0.5290846119778635,4
0.2110486841056443,0.1711074700278384,0.2239463955176579,0.4398736699956729,0.2092138479006522,0.329074395197268,0.21298038403794095,0.5165192153403664,0.3485049481135848,0.2964482776678087,0.623425320727231,0.6279765297065697,0.49956281545832437,0.7826156991223454,0.5885171568274168,4
0.1732304897495954,0.18348158328961,0.2340648483490108,0.5466466567023818,0.1973864210392641,0.11581939002126262,0.46434647094220893,0.39312899626436903,0.33419126818580636,0.7088481683043213,0.4491893092511261,0.29396187963231607,0.5333650805345495,0.36597261461031666,0.13522741584306017,4
0.2361986638036952,0.1343925348962464,0.2342168612989807,0.5722993475141124,0.1820886465734439,0.26950376543545207,0.34112572186279466,0.7035436563076007,0.11185139499483909,0.3666122860902207,0.7467460051040915,0.39079407935877447,0.4011425016766725,0.3789292995298268,0.20331493151503777,4
0.0861866567955805,0.2415694995749856,0.1028454915838233,0.4751244391931262,0.1686511609966346,0.06176803998780234,0.4554638734781734,0.532994216657147,0.9002452185758217,0.32945023632498793,0.41086246839061635,0.4212691779890953,0.6179838786552345,0.6629288906793704,0.82986101368919,4
0.1681286813272732,0.1313524835901987,0.1284318412983037,0.5194532187840408,0.14675882695941,0.24866180401981353,0.48489380099597945,0.29631122471804583,0.41206634202131165,0.31614606539602363,0.05119752275125925,0.6977899338567881,0.6521872935437669,0.5501097939265177,0.9693697722032724,4
0.1828794715357879,0.1874427502854177,0.1695008890640977,0.5257213530508309,0.1545815958146123,0.9703829418970223,0.25174515970133937,0.02723286735407726,0.4627502448915465,0.054575109215157735,0.3889558999915629,0.06695643391128246,0.7210783887350901,0.14170530725225403,0.24776953418627068,4
0.1921175722418999,0.230499175198937,0.2244571663750107,0.536996820083025,0.2447532568777446,0.7301378574467599,0.14857426794303763,0.9128152543881322,0.6757343662491493,0.6287980264050818,0.2033334550499247,0.5962181827129583,0.2956257571693059,0.42986779633795347,0.658657527493451,4
0.1583359402171098,0.1027967288988548,0.150491522237895,0.5190444913692845,0.0868202908510025,0.6116966445508004,0.6503617618143995,0.1437492220477442,0.378755544030162,0.23944185510142169,0.42166198094639135,0.5122083548227653,0.9297317228728988,0.4718287215947817,0.35720018511282337,4
0.1544716538687044,0.1634366763490819,0.1091893607846792,0.4441134236051037,0.1863414688998738,0.9992826065821796,0.4962775286310882,0.5726474640634762,0.21951500773587118,0.030671876605699366,0.6833825266197504,0.7228931090126643,0.7206364114144459,0.6521900457389047,0.4970481279123412,4
0.1497876268861751,0.1845818749482184,0.1450405477485292,0.5099228184334996,0.182448028593149,0.6150891842003828,0.09875839341178116,0.0401983266341972,0.3613551437441159,0.43299951411606574,0.5830283716008942,0.49091018991994156,0.5886296485851217,0.3161406715521705,0.08251400852597984,4
0.1992362447548922,0.0753951395393204,0.1539075545043561,0.5765853738917717,0.1483744343008307,0.46971622320719164,0.9238101580584073,0.6092218777080881,0.9043987700991142,0.4381168426725075,0.4554468590359178,0.627662078295248,0.6141335814698364,0.4164260379232414,0.6037413955565826,4
0.2259970294699712,0.185493861541742,0.1326038749922522,0.5225318591914222,0.1579884769374399,0.006334344593567964,0.16392492013181736,0.909847377623232,0.6910870759731165,0.5914525196177357,0.5555946262931717,0.7669701473588856,0.8388713690025345,0.29304768425814787,0.6143512084892302,4
0.1397358293645863,0.1516690894488349,0.1976675598547289,0.4870261858907141,0.1571768739360224,0.010827815483364978,0.15028512515469605,0.7969418802394985,0.8465968755861397,0.36755271057909467,0.43548058197660766,0.23613270569054515,0.46764165621356435,0.5752603305709063,0.9727768799624765,4
0.0563181570841046,0.0979924273175256,0.1323973253162697,0.4900273465979389,0.1402648037251113,0.6703076710161274,0.7927814885010597,0.04552041103737359,0.36919015834730473,0.1948609672124414,0.5207071732067856,0.6429999563655996,0.17021559480924903,0.289082041983564,0.8052921006494704,4
0.1485256219922803,0.1695460418691459,0.1494904690915528,0.4742433070262732,0.180119108907489,0.08093857536417892,0.19654017669925083,0.44537638603748153,0.7234216169370382,0.5063402761649488,0.4489458513689186,0.7397572613447586,0.3530375736360694,0.6163866638388897,0.5122993984682128,4
0.1451328452512558,0.2259170609122383,0.1138131287971682,0.5622091696834972,0.1948134491824518,0.8544976114984434,0.3082680201011747,0.025216831468477197,0.6540262802318431,0.7975595133442516,0.7914913325593482,0.3129843172944795,0.7949112714979416,0.898970259061286,0.5132102131868288,4
0.0985610710307823,0.2062898480541432,0.1165785577257612,0.5054045345370634,0.1742725984859436,0.7833292252997052,0.014136942220361992,0.9323169754485052,0.12161578445595911,0.8297670629151768,0.8801686920666476,0.7997839970914572,0.2600774794933395,0.7815495861691084,0.5107488056894403,4
0.1643314615725946,0.1714616234584972,0.1696272243027987,0.4978085297647415,0.172120443779051,0.3742928642679918,0.3906574041730959,0.3603531998614342,0.10598483236483136,0.7802260936390509,0.7953804975537944,0.19970599590745067,0.46566453640900785,0.8804074641557674,0.6926078026720204,4
0.1694115722471338,0.1721251766791521,0.1729163085386222,0.5026418359553133,0.1709718268262064,0.5115516393024355,0.6319149496443255,0.7858091911071008,0.16136899394254267,0.606321095885901,0.7608422923229055,0.6234334790044134,0.7653437848789649,0.2958306960048631,0.2789315109424458,4
0.1883559244492912,0.1805314061505233,0.1723484706870274,0.4821139485161085,0.1798772049821972,0.40588179029643967,0.0546694562351685,0.23149098776847032,0.0711455912961565,0.9237259449111307,0.9299749361619205,0.25922553752308664,0.5538356524754074,0.3626064647017851,0.3626567781481446,4
0.1667004622765417,0.1688236559324491,0.164460826611083,0.5013701435819337,0.1605949943572038,0.28787489364119156,0.06094672510999266,0.24867181733274313,0.6838952555245559,0.38575806477791086,0.2137067758270437,0.7029300636589694,0.9292504609981924,0.9340045250964508,0.2372207539223673,4
0.1659056903976237,0.1942838172456432,0.1697518063991704,0.5361559087418798,0.1560080562399919,0.0829665094961114,0.5423927667972782,0.25561166548125047,0.19709385473098406,0.04424902342713777,0.6615887937950106,0.16241726503434703,0.5737888523987315,0.795171988533388,0.7642379767836682,4
0.1852801100235084,0.1599180819963563,0.0945250068840821,0.5741819198646054,0.233767383925384,0.39806718738756164,0.7564098513231671,0.5934895641856403,0.18708693046707314,0.7353343118864294,0.26190210003750874,0.6816375487266687,0.6730728615169783,0.5053208228487044,0.4655623121837798,4
0.1513710563872044,0.1473156665686454,0.1529882150151209,0.4649938042345345,0.197020632786215,0.5219026350595933,0.5532534992071733,0.6893298266032256,0.20579617546912876,0.7126369638632499,0.7562113017281931,0.4242067946338589,0.6629728498841989,0.47121517618991793,0.41686185042744,4
0.1419027800496473,0.1806205199029538,0.1417346923895615,0.5291703153730275,0.1285970439889896,0.1853190488909341,0.8086991286690416,0.15227623400623913,0.04618570108788267,0.9616735596934194,0.7934352227917479,0.2315369261984055,0.6033355334166086,0.3332369197807899,0.8894438156405059,4
0.1863264330902456,0.1446546454431247,0.1237451454448376,0.5558583851592183,0.1795280550672045,0.12327446474878967,0.06402842204530612,0.930081924495672,0.575082780899883,0.5351118688878572,0.8279782316517372,0.6076368815896352,0.5896974861661536,0.602649890767929,0.3242922348064631,4
0.1306231479097695,0.113731115627364,0.2106093592227119,0.466333013271736,0.1186240766270928,0.05126961869544444,0.8901949324250824,0.31211403954556605,0.34746917763240537,0.10939765507692611,0.6984222164445097,0.3664516837172984,0.6428782072334329,0.31949121320232243,0.5557226207440317,4
0.1778343735004041,0.0855842161871304,0.176333932451075,0.5014857565038959,0.2377182198562016,0.848589083102886,0.49584306263811573,0.1969325990086812,0.6812278622352871,0.9192317255909755,0.09934340587711753,0.4713336141860117,0.5554278330103406,0.6963936153642862,0.2545006512333665,4
0.1251001919984725,0.1815602844905756,0.2024174655311613,0.5556386415105597,0.1442095067416424,0.26273616790250154,0.4880998222004427,0.5355730022354966,0.12144916438975817,0.13479169447663764,0.34106740503353533,0.7397745549623866,0.2727706041565544,0.2091048125521351,0.4562579416229315,4
0.1226440985227758,0.2109520016464496,0.1319078219232748,0.5148802931203603,0.2013167276869669,0.8380032533313179,0.7153903290847335,0.9051541482755721,0.7890280762453912,0.9491722726140345,0.7273297598312707,0.9595155296451272,0.6450587835880098,0.1555986194313432,0.32298711690971654,4
0.208094909160522,0.1586216298924178,0.172618116551314,0.5305884432153993,0.1247348545804239,0.11397573134801964,0.4786330500211259,0.14982418861715785,0.3343859153324533,0.6722243317466774,0.7971273422171844,0.38007031372362654,0.7959898287826962,0.4837310455930107,0.8517529976019291,4
0.2314501428597061,0.1038673550008027,0.2036884876721904,0.4580233302576653,0.1089609945573548,0.5201008100809839,0.619187970268547,0.5581446313833002,0.6491364202851154,0.20258186345986584,0.49035601987272703,0.5751018522177884,0.28319444040275255,0.9386420511813155,0.5501114772738321,4
0.2037993330167078,0.1456953888337725,0.1387695522509544,0.4515500299887554,0.1797477174128279,0.23627673287807205,0.19811688440031894,0.2402658018334657,0.7595076428468234,0.29205956398323873,0.3202806473020137,0.5400547111296122,0.5473199767635823,0.4298157066029217,0.7971134767711628,4
0.2013608520366366,0.1982043149561108,0.1202805419081491,0.4666850177437963,0.1319445001609012,0.83558317713034,0.17972826264115116,0.3667258808085285,0.9533928906582119,0.1986057595529267,0.7319431254540428,0.4674288100331129,0.32301669560557866,0.22555333423493074,0.15250592406726154,4
0.185293937450103,0.1658460177624031,0.184375270397715,0.5262410706700823,0.1566507288678965,0.046514898965607676,0.6437017795931826,0.20892582090816003,0.575063041925761,0.23171399888177635,0.8029491898250551,0.2833790010129848,0.5144810026258257,0.672879224140946,0.8053969564638895,4
0.1663949468526583,0.1667821645568259,0.1667399939968338,0.4997195601810392,0.1669139551970526,0.45881577001860996,0.8296410169846551,0.4748412406707897,0.4597604538165051,0.4509954970627438,0.33109791998246185,0.562674049442629,0.40811983077771985,0.13653274869675378,0.6148885388887534,4
0.1641875137891973,0.1668023570961506,0.1674218460283913,0.5030040860492729,0.1658360400028421,0.3662793444411536,0.7290927789781757,0.9856097346281002,0.182237126232351,0.13298561094815042,0.549370275220763,0.4479739704933348,0.5857317024829978,0.1583629495362799,0.38015421863563414,4
0.1607913132450723,0.124698991753105,0.2626740173363655,0.4990999131622696,0.2106435387567405,0.5863226825198813,0.6520968461275327,0.46198374999428815,0.20083176245135714,0.4682715256205172,0.4437897001570143,0.743029484963403,0.4863416510922908,0.7689709512868441,0.8267550709434314,4
0.1876572436872263,0.1653950148467886,0.1419448433360712,0.4763938491899637,0.1586340383013304,0.5217289494606882,0.013203089911249855,0.38482377135227563,0.5639081933555986,0.11231962709554077,0.5637322098921,0.5316152855214773,0.6553423605880571,0.5767655801791008,0.1000053332294407,4
0.1337390209824635,0.1962264926562602,0.1714762796671121,0.5379442217185751,0.1794544728089827,0.7888206886127438,0.7754601252539023,0.7422435145045262,0.6432386804043478,0.07434569980408734,0.1103108642216764,0.29776252867943115,0.17509881447075212,0.5096916074623655,0.3007337323712546,4
0.1190539931542759,0.1007928344163046,0.1273920329979357,0.4883273021826868,0.1016643371819583,0.09259299583614922,0.01657539207336589,0.2913899351793834,0.6017347132456342,0.12028720218373778,0.24537266368934343,0.6857866730373983,0.6613358942599549,0.5577888710366128,0.41405154157129354,4
0.1290717704372375,0.221345905584421,0.0817742290997654,0.5653962039042837,0.1354998028159277,0.7441500617397321,0.7793844783118569,0.31189939811907696,0.515470487218362,0.1029794707527023,0.5963221212611695,0.554813092667517,0.12875387951386252,0.6246770906887797,0.956806951015685,4
0.1878412236586208,0.1880958933564372,0.1272426188653152,0.4524275951316862,0.1450343855022491,0.8375881083673916,0.6288181049317334,0.3316066556599164,0.875535127335243,0.35045032032793044,0.7831277764962933,0.30022656681003934,0.7144434705629097,0.7381767646509957,0.8891124569857333,4
0.1188000501949792,0.1405172443732563,0.125454879424072,0.5319232015143543,0.1858888935070515,0.747873073649234,0.7638234599505879,0.13889106183816413,0.7557292901825687,0.8000486455192896,0.562346493395308,0.7496029200243596,0.2678777082748926,0.40663750669654963,0.6480708048979766,4
0.1970641341245866,0.0833582984756933,0.1357138875442458,0.5684671264638718,0.1606764627235329,0.4149049141478838,0.9042501165271369,0.09994639885325096,0.3061094362545931,0.7137044816974174,0.09943153675995796,0.184235317086256,0.6314509641758577,0.7701210825688296,0.8443100034901315,4
0.1449949170134548,0.1928417629842684,0.1409268253525652,0.4911843446497565,0.1550110522341753,0.0744899634199051,0.6304987881338976,0.9830838380693205,0.6760579325255053,0.41640288707260065,0.0789992700659027,0.8886350326842952,0.5385978567882043,0.45919115188080445,0.5320736409969106,4
0.216140449496559,0.1955132015238027,0.222678534698241,0.4741386747502649,0.1962445335325005,0.09888661081419392,0.9796460587906312,0.5210792106123994,0.6533330444267663,0.05752502608217158,0.44241215971120484,0.5466224094625013,0.5692831624212185,0.5894834157890735,0.37129764807100085,4
0.11103366255522,0.17586738708809,0.2136541474111712,0.4415186352108582,0.1327232735124406,0.7046376587377908,0.47959051694240096,0.4729213427674108,0.7570141136137484,0.09216564014898276,0.3609139270232761,0.500735713591576,0.8147644798674158,0.4206722057832428,0.5979547712977545,4
0.1847768329351193,0.1741333639463571,0.2308933278737519,0.4797621944370747,0.1932282742484535,0.6867408629013451,0.7213955768006562,0.8437800128486117,0.029672739998355624,0.5061988529703447,0.7247080912464681,0.23958888144615814,0.4754121589706191,0.27762801827239053,0.6250783293564568,4
0.2027619901951332,0.1544162276123794,0.2137174812441619,0.5390204915675954,0.1917255156054088,0.3583159593907751,0.37054900799086454,0.467073232873772,0.8327840860501777,0.5038942214576674,0.05767247426672034,0.6950471189028735,0.5063545398169087,0.5112999871643795,0.6820074244099837,4
0.2032889856268141,0.1203255178825543,0.2698985841732541,0.4667048579569562,0.1322294454666643,0.6884075190527879,0.7181271133924775,0.4475981690487001,0.8418176041666047,0.37443322296965953,0.7217697710367668,0.5066301370973081,0.33944454073271524,0.8638077555495203,0.5042402988880481,4
0.1667194137844162,0.2321053247727015,0.1553830935677188,0.5570612111544546,0.1601673998261822,0.49461715282502705,0.019914204964450066,0.21108724556854186,0.40903211550943075,0.466849298869195,0.5878637911571851,0.823508209201906,0.35252964834718764,0.6474472506816865,0.5458872445630528,4
0.1705782311648093,0.1856947198685316,0.1447700576378275,0.5095422516321697,0.1597603474236288,0.10504542162799191,0.5757752990376575,0.3525836214778403,0.4558914491796954,0.7223474052139197,0.5593307246108224,0.42256646798419606,0.5392217516480285,0.42048330040614823,0.49740453865127826,4
0.1649537918932645,0.1661961251890126,0.1674615258001399,0.498655561627941,0.1684945177690755,0.05062191733126986,0.25919876426276467,0.7640580118510297,0.3629595226711846,0.6447866092967734,0.6573576203865984,0.4633923443812227,0.5197488957214572,0.1141469212179981,0.45057008439366864,4
0.1562911994294269,0.1780675990203521,0.123774383551269,0.2123999332402771,0.5472318487121876,0.03503469347117438,0.8188253284739958,0.06933376341442121,0.19892139896890604,0.7597664698311162,0.5609976748160816,0.14869646266279737,0.5320490792461179,0.28912827878896336,0.1882629530448824,5
0.1183057079120229,0.169612159820185,0.1421544890012879,0.131083521000176,0.5644591142185853,0.5898062873571162,0.9130252526544167,0.610781816119853,0.37676667146033016,0.6358170198596169,0.4615086800366323,0.5500489317264092,0.12573340591599375,0.3883037264365626,0.2764884120414871,5
0.0672671265726277,0.2452769682905238,0.1891918728415869,0.1408299075214625,0.4527769148072967,0.7045156001963794,0.9497011129716265,0.9789844133655435,0.9119788692528348,0.17450307617054905,0.587634601059275,0.5643870580082352,0.5894981813491655,0.6999984824073862,0.11645203319496561,5
0.1588055623571969,0.2005299730719698,0.1961549254259247,0.0998064962184833,0.5487976338019929,0.832292645810081,0.4547102509840528,0.9264278328877192,0.15196756479329965,0.9790281699032418,0.6267097208992916,0.591861851367377,0.39005444988562976,0.4471358388184909,0.37737074626577083,5
0.2379281670040058,0.1838742292195526,0.0974838664903307,0.0913802412386125,0.4444364294449034,0.3806558388206257,0.8631612991186903,0.9344247534396346,0.5072037105169874,0.5381135078104089,0.9040067560758969,0.7734994241800911,0.4593322010940803,0.22468052658648555,0.07135126080971943,5
0.1149547537612446,0.131556208251784,0.2711281289753328,0.1179723794918268,0.5128527445601582,0.7160921111387245,0.6294891196070224,0.22378953637149912,0.6659446059239917,0.00645982367458009,0.637342027137219,0.5682693329634063,0.4211754731232959,0.5238032642644512,0.7364433130065016,5
0.1294429689587313,0.1739053168530122,0.1961147237338568,0.137266937124882,0.4764093254199417,0.9056324321797249,0.9326387292265921,0.12065626572669075,0.03409930450016918,0.37382125971355085,0.5003604366944265,0.6418245473648878,0.8236029000981286,0.3863371664775715,0.7684240374954608,5
0.1208742413963732,0.1663341034098781,0.1981168766005767,0.1822846051341885,0.5033147032874589,0.09114847133610038,0.3943056670395475,0.7639067357159088,0.5876881173031485,0.5453736898243489,0.5243745977615997,0.4928524744533151,0.8222892745502679,0.6346533125387362,0.5137372785815724,5
0.0905022217411601,0.1812889079048741,0.1393120211877229,0.1886964942511552,0.4158401806431545,0.31297051574031465,0.7909534955737246,0.5597335855966793,0.5863533779145222,0.6373696645805791,0.9471887419990511,0.4030415763331214,0.49810920479302584,0.3318671183037278,0.4332176430967261,5
0.1088340916806245,0.1188355061037607,0.2107500515567315,0.2308573058327201,0.4904305208964606,0.5527889282947617,0.2937444675457026,0.08855446802071998,0.38483871578012374,0.3309602261210426,0.21875416500662948,0.6535377254820267,0.41554085501595983,0.34357151318022006,0.43243771566158684,5
0.1426544752107811,0.1454117249776294,0.1777336004432122,0.136330541811466,0.4640989065231254,0.687174242056556,0.3855142203160181,0.23691326651670785,0.432247161889066,0.5487723501772643,0.6891246148235347,0.6236356343719934,0.5783887000869218,0.4894251797574104,0.4999207449367383,5
0.1285721697042615,0.183580572101847,0.2031752364531099,0.1982240876445413,0.497744425158531,0.8827818829080508,0.23147103003739222,0.1409034202693683,0.5499471997701565,0.37611083086329644,0.332879045368728,0.4245225578054018,0.3182108840352592,0.2317463823621106,0.7246777468365454,5
0.1613409752879705,0.1262680438505157,0.1840205493257496,0.1529296053903004,0.4852643821923542,0.2775770121366926,0.5271389478873653,0.5644755376505772,0.8744568893290368,0.19143635774090573,0.5018916192783636,0.2102437482873659,0.911725575733278,0.800041133095859,0.06789717775555197,5
0.1653300260178686,0.1688072112751769,0.1638475288315114,0.176202972251171,0.5044752351746549,0.7917474944823193,0.32491138519054996,0.9529523157030553,0.7690879072779052,0.9647689074688132,0.9096138622284473,0.30599513949629153,0.4964033535194589,0.8717858716852525,0.7485416603700044,5
0.1680764787691837,0.1894439425821469,0.167785564672469,0.1723341628973431,0.4757486484360023,0.7203324547127201,0.32833935155110694,0.04737062357134392,0.5715388520084901,0.3847830361879976,0.5092582846029479,0.19134360881649037,0.3906043404118656,0.46697319497822937,0.27229894525780235,5
0.1503803980854505,0.1249011296550341,0.133056960874149,0.2025518323054933,0.5163386926242327,0.7442769043036659,0.19495423990647975,0.13186872419055073,0.918924126202162,0.3358650305544729,0.647630298941031,0.5400311567702066,0.5692611285722479,0.5941661140255728,0.41737493161762573,5
0.1359827347435569,0.1612843429058547,0.2097050060366056,0.158881072254604,0.4573352509228745,0.28940023238946444,0.968665503144115,0.621117344183164,0.46690720677436515,0.048641864320032924,0.6535995652613117,0.5528433476263713,0.8060323983932531,0.6944057472362939,0.21614921652480173,5
0.1666893833542874,0.1664240433426287,0.1664471218512731,0.1664558852438516,0.4999782019128663,0.9454457787483614,0.0850564323839268,0.8577213214612167,0.040115604394432736,0.6835185245982647,0.5118155831622284,0.27348170245633296,0.1962283270114844,0.3584555571841699,0.7621336803856636,5
0.1444864865198629,0.1052765333682976,0.0724280286302949,0.1683209030836905,0.4214611191055034,0.5157388294614715,0.18819407807429833,0.4479286561862661,0.6382027268557263,0.3011620395254292,0.05922505667448773,0.2547474551924401,0.2977039885629371,0.3514473297836498,0.38202003740749674,5
0.231169254976754,0.1987412688741039,0.154240010793798,0.1909060142387197,0.5663825902293755,0.8502170391432049,0.33034232651377704,0.9274456348700704,0.024854354450860705,0.701983035627084,0.46232091125750974,0.5590701885656122,0.3155385793688274,0.6657479628507645,0.447052068790812,5
0.1519018259963863,0.1733671872303682,0.1771853770452623,0.1746878352279804,0.5049809372724474,0.8672292039883372,0.18063352619976647,0.8921709729000266,0.006256284627651709,0.14610206996431796,0.11642757991757413,0.5755145025737578,0.7169748330453564,0.3259379417250772,0.7051888219631012,5
0.1629912477294159,0.2204070332330952,0.2474454591885128,0.1553765478770283,0.5626951248936771,0.3492698146076334,0.5479238764072812,0.8779256951783977,0.10919153434148587,0.6401446930085031,0.7402360265277851,0.4534044762933255,0.5882542017165215,0.4182763554947615,0.10221467706575256,5
0.210025923369886,0.1160543611506431,0.2127495624431309,0.1964348106920442,0.5515799214480076,0.8083474855528422,0.05164737204905445,0.1572161038616664,0.5705472429463723,0.9487852690618122,0.6271199352545577,0.697406572397287,0.6243372430623145,0.8209319868989213,0.6507153401251266,5
0.1193997430734498,0.2041314049928597,0.0876212149615599,0.1876334081601995,0.5924617005274865,0.5162419868171622,0.25938607469556263,0.1800393542120794,0.38405203041629454,0.7971196756680442,0.5995977298021923,0.8670367157842959,0.22831555518205143,0.3747589594841128,0.7972938704772978,5
0.1611843869597114,0.1513144253471997,0.1555131183599519,0.1559898159269033,0.4852417055682994,0.002933444467557722,0.021608009332178213,0.9675813443256969,0.2732819897116995,0.7934683152542272,0.29247798036662165,0.5544694428032663,0.08650950615339381,0.5334709647401691,0.08582193496924712,5
0.2752535527328144,0.156515868025976,0.2349532489117267,0.221373605643908,0.5062949144595598,0.9993146550264654,0.28101594635734495,0.5521659213922961,0.5101570924882937,0.8538465351850774,0.680507512641309,0.6294902830122006,0.7870327899038029,0.8767144013051759,0.439887798206529,5
0.1948199355772573,0.176195502447672,0.126503895535234,0.143392437049009,0.5218383952289563,0.2539152918484694,0.35186296588609534,0.06353131496079933,0.5683993270841837,0.9830895701550891,0.8047601327004595,0.8587994461867918,0.6317294596049032,0.6321804334202785,0.2951445369615055,5
0.1262560592205593,0.1819463906282113,0.2188463884233118,0.2183466091463924,0.5211928240249248,0.5160432915078136,0.7471873386348834,0.18258899788227745,0.28653483319013484,0.48589038015851793,0.4680444631409383,0.7603434824038887,0.9320086017062534,0.5472476645930804,0.7711223181548114,5
0.165530233171695,0.1605454305903333,0.160042138238304,0.1630144037313015,0.4993606473104769,0.1752760174375596,0.07943964096863787,0.24821560636452744,0.5330316105881188,0.6569926024318568,0.20599340699363827,0.5286953835443657,0.6689777666660227,0.4504738020140017,0.41534428608578633,5
0.209546351293629,0.0942844430535177,0.2315857844259025,0.1688354098432743,0.5025090659332585,0.9587029767417388,0.1807690699695398,0.9675631386291105,0.7611474579400979,0.3613462172234836,0.47254287339308026,0.6174994841701388,0.2380085065085163,0.26823431375772927,0.18449925670901177,5
0.1591935093337212,0.1463659250505748,0.195695652115697,0.1644402269561601,0.4931828151102265,0.7007839456605602,0.9869598761203476,0.9515200909595314,0.5431277941561556,0.8531292105522629,0.6597883612324739,0.4747257490548909,0.2742728943286372,0.26751192838002724,0.44002045238892146,5
0.1635453592377308,0.196166929032877,0.2008657188504832,0.2135034577096883,0.485266726147569,0.08793118043869286,0.7164424139001498,0.36538338535971626,0.5048576237274035,0.49325794483698115,0.40415604140499845,0.13512718955809,0.8092342595994376,0.36206571376589436,0.9557458185678426,5
0.2238076313946848,0.227203911326782,0.1937994051049219,0.1132472254293089,0.5427018953383497,0.8828683753139801,0.3448933265010974,0.5492212706309704,0.2253936736555736,0.12461133610838071,0.9557344982370659,0.9595357173877239,0.477919030876566,0.1947933735775956,0.33001898047409595,5
0.0729525079065798,0.1332787849810802,0.1321998395813018,0.2132576842247575,0.5213761047308682,0.939184034762011,0.5796484206493647,0.9026460215589616,0.3385073473806589,0.10503690364818685,0.2759946364059841,0.252536138454798,0.5026499945176195,0.38362271250696384,0.7268635293565835,5
0.1512489194220511,0.1503719826041829,0.1467788541825172,0.1809571606820887,0.5214280088460954,0.24436154263706256,0.8464058018830232,0.5280906433776121,0.00403347492195838,0.37788927079022205,0.5950398319152573,0.06975881590057062,0.15873712326295655,0.7020989844050759,0.42638251632162205,5
0.1791079889735511,0.1895815143018872,0.1510142438921509,0.1703211884797264,0.4969213035721435,0.14711590565290622,0.40117470947872524,0.5166650165915996,0.112917754835822,0.29970351663754513,0.9592162545822724,0.2205635664138484,0.8421193464262807,0.6216610478651164,0.5061951213115193,5
0.2325290696282182,0.0804326663242907,0.1134483053454502,0.2286786823288283,0.5132326488920941,0.42273604355493,0.8875709514114714,0.7443575467945625,0.7916950477820563,0.43749850861799133,0.6620955053899963,0.5064905865456828,0.8985951136446271,0.06729575703134871,0.45189501804116633,5
0.1957726910532723,0.19147305807646,0.2093871158651038,0.1503907021942765,0.4575116998556395,0.7591247135333363,0.964258621193633,0.034116719851730815,0.11248172933319278,0.7163252756355735,0.7138633124053456,0.7066292047094485,0.6558452775409814,0.7042865996853903,0.3545393982117412,5
0.0936846965243792,0.1772446339265075,0.2250333864094044,0.1499639301978639,0.5164152761607331,0.4976647350025929,0.9604526113619773,0.2707157933367087,0.2703637199525838,0.9856310285405097,0.3775632435883157,0.4860882344385554,0.1704876711177682,0.3157573099932257,0.5111717223454674,5
0.1570617322932878,0.1696472475271147,0.1769020104406906,0.1807017791688598,0.4868411523157162,0.768499636071202,0.30293769985090335,0.16197294530957285,0.07971486245172321,0.5335135044640833,0.4540153288296247,0.6180305479717341,0.3771763579993753,0.367857097869286,0.15723185592314354,5
0.172399471777703,0.0890397859729729,0.1138056046704458,0.2068080862759291,0.4215183135192005,0.5600219862426593,0.9304762625169541,0.39321564669345943,0.1646307493070528,0.16271543398810484,0.48907327313491517,0.06413989158608847,0.24761313713095076,0.4040561007379046,0.6431696551066268,5
0.177485515990203,0.17277917235578,0.1699201553731248,0.1732546053858946,0.5143828387462102,0.157433690619466,0.8667776325875234,0.21846522841912586,0.6429385771251419,0.7388964764161117,0.8718575963834612,0.5219675607337049,0.531740562914673,0.6866035793980538,0.7560826399008146,5
0.1829348367121619,0.1828412893314207,0.1588101371498869,0.1696190554085591,0.4979158501827472,0.4930193920871898,0.04775340676609141,0.47417551897082333,0.5147852918535931,0.9422529192798632,0.39231911430501265,0.6377623779019456,0.6967102814787998,0.5866636777256143,0.3159119592719612,5
0.1638781595534434,0.152214484253806,0.1846520939152131,0.1536667091210719,0.5055735587981876,0.03678647773610699,0.779971126004901,0.9857733730651816,0.6255894665295919,0.6227314044192173,0.5931317125931332,0.8541815635993594,0.24400536106270082,0.5195876542889983,0.4412325244096519,5
0.2177925589348953,0.1982917088909978,0.1516119878150727,0.153327215243048,0.4515255313392263,0.4017047963301027,0.3571042876627455,0.9412811274725282,0.030776102282335405,0.32468205579713694,0.4572577549309463,0.3919620568917701,0.1461881411769443,0.5312068784011246,0.6795653326557928,5
0.1648433948231791,0.1710168133509863,0.1623171257452276,0.1635462988647319,0.5013193296737111,0.962500378729608,0.9314977106331924,0.4752246078914324,0.9280545825548452,0.15932470847391267,0.4267774763026092,0.7110938408121052,0.4934500664729191,0.4328933262828521,0.8978144422920753,5
0.1447243448747776,0.1978959424826598,0.1347568536860093,0.1735142290417676,0.4950316463598159,0.2372149701994778,0.10295531032488603,0.4373259566795059,0.7217606473639534,0.22582018537256987,0.38424077688785463,0.012858671722638791,0.8095446394998508,0.31233182788753827,0.4364393062729283,5
0.1388143498263775,0.1358813483640851,0.1580528974649694,0.1897115300603069,0.4971021337092187,0.5845238398481687,0.050166570686350775,0.443909571163401,0.16905220156182676,0.594983965906823,0.3746476981017887,0.18308814770418944,0.21833592095689136,0.785660115650569,0.32934730206995594,5
0.2312380880705022,0.1109292964376191,0.2314067982845921,0.1805506371586341,0.4864707763767618,0.8356079381718234,0.4318126825476053,0.12046956600179903,0.5684105943998643,0.7347222720040453,0.46343637200165233,0.3960954771306304,0.41947035097314694,0.8551221112057391,0.907448557031642,5
0.2005249066255182,0.1572909869699973,0.1314486174725688,0.2065821440008944,0.4668729327942925,0.5070579332561632,0.3244284707332886,0.6247208745281662,0.7192702521062837,0.9244803647453453,0.8586741034102111,0.37165390987895663,0.6636057638642612,0.6799817374807982,0.4899011582355757,5
0.1726771116643644,0.1615443845514536,0.1609788169400759,0.1707220950094269,0.5106104210107766,0.27212974751220065,0.048352386276054315,0.86460711714755,0.7262119741033829,0.2614559226261758,0.5767641367143945,0.8253908984286302,0.7920609234651385,0.6654636052566175,0.9066931172824042,5
0.1966877167099597,0.1754967561957905,0.1746185535138776,0.1690677049681715,0.4640468609880105,0.7388444763024028,0.5026028077299944,0.13017297618965928,0.38831079732575546,0.3076810224967911,0.2528626168232882,0.16010352582843845,0.7196112589566075,0.2753826374003497,0.09564431335869347,5
0.1744954724876513,0.1752176952818482,0.148854804137575,0.1727243079069958,0.4988677871579312,0.6221512289201486,0.624122725740294,0.1343158680054206,0.7601876615061083,0.833264576691961,0.3312078010741857,0.9258942466814409,0.558479393567748,0.08572518772091843,0.3302035465540047,5
0.1542085022821801,0.1318124419615549,0.1488142372983895,0.2245876906136213,0.4615205028405733,0.25766239143320346,0.85244365999445,0.3456151166853212,0.1531763607231813,0.722696482824971,0.2088736638082315,0.7929004602712758,0.6076439014132297,0.6227683597331405,0.6368872288963563,5
0.1714400627465289,0.1017665844590344,0.2141828774738851,0.0929762081759892,0.5514836962618227,0.02113656510957984,0.23018180117434794,0.45005770973961046,0.34426503064590475,0.1714099194831944,0.21898809249415774,0.11402300940430084,0.7290657743286675,0.6714567809374702,0.44550104289025516,5
0.194741746747855,0.1818917752407396,0.1571762894896974,0.1750744424471929,0.5326421299083384,0.9850388959440727,0.5723319097384694,0.8286776900081065,0.15208962819695704,0.12326871404896678,0.34137741171876596,0.5909028163262118,0.05235721577253347,0.5529086353425667,0.8170094357783385,5
0.1549533364796957,0.1582814346442588,0.1794305204611178,0.1565992772299967,0.4899108830093969,0.5573640430172482,0.03179854652597991,0.9906897787714712,0.365067447022308,0.41683956669331845,0.4525967778679757,0.3256137843188604,0.6546957873091629,0.6887207413316141,0.4023760528554033,5
0.1771666937905643,0.1565846924947713,0.1730138401909888,0.1084741942597288,0.438626078883529,0.7987746736363892,0.1954448742116155,0.24397635698582987,0.11882272023466334,0.27386470743479663,0.6159355418109053,0.8219133935932058,0.789599248058489,0.894898966396558,0.9790344226133372,5
0.1645399830826356,0.1679658367570277,0.1689634761179652,0.1648733070498763,0.4994541765981944,0.35383096406242576,0.352057061245994,0.7746747885761343,0.5851709502875077,0.09150300043862569,0.6296434219304292,0.4293722544814966,0.726620493457992,0.31509634920394275,0.6784152007443964,5
0.1663748297286435,0.1673928094228462,0.1672249930811867,0.1684653174336239,0.5002344410388966,0.8271351199360031,0.18101119941737842,0.6006820974663531,0.019296547800146446,0.6700992186900158,0.33248970083086127,0.21078330547486424,0.2636110332571951,0.34890950611042726,0.5601004041613482,5
0.1649334902580076,0.1660957824238932,0.1643646549079103,0.1601341926160771,0.5017931353073083,0.5101184423952668,0.8663514354047065,0.5099926372218889,0.2523409762796993,0.0675699158426345,0.9190954134404362,0.5572584830244958,0.6180691124162837,0.3252726939273207,0.9076682570313325,5
0.1891377761260016,0.1521363705895546,0.1205795030978731,0.1414820344996644,0.4652376553799119,0.29361402345337895,0.927475904405831,0.8293040543432506,0.34399649933357934,0.2522320785518859,0.40885823279433403,0.5166459467189195,0.5346045917132055,0.2192708336946312,0.3854132360423066,5
0.1374227811128695,0.1310878567143351,0.1687723042053071,0.1363405527371441,0.4666122929593993,0.5024238850417091,0.9796523557725823,0.6296666167158483,0.7094421299628842,0.11178068372879457,0.7132962691891558,0.4622741114215836,0.21763921323109153,0.644047198282247,0.4585622510749836,5
0.1735090855136124,0.1768807792086746,0.1769841831829226,0.1691936913068559,0.5045053576515182,0.9048317177895382,0.36751519044153114,0.21478804275832397,0.5421967162906214,0.22734371700213551,0.3883240655580996,0.2741109260077058,0.4186355396449525,0.27553406444007494,0.870606340141832,5
0.1397617695198524,0.1702997529915255,0.2459084205901896,0.2164665275049671,0.5404763484482198,0.7907159730702371,0.5209568420458142,0.5549685319643172,0.9144893776353833,0.46317004231502545,0.15425890988822633,0.5006575917451781,0.5091306769725961,0.6887775401124603,0.40892378930179846,5
0.1746190054923385,0.1027487480515095,0.1232783371965752,0.2094133703423241,0.4818845498486661,0.6909017002355523,0.449803395765185,0.4961105278921144,0.35952669720518127,0.615423949685485,0.6624937702365734,0.16893653906645098,0.5413795773011152,0.6820717401805766,0.52429391616625,5
0.1413069198330505,0.2007929725524108,0.089210876144443,0.1262791195632683,0.5707438189686082,0.17539233514526498,0.7890584422402406,0.26012845125370365,0.3244105649948761,0.6009243767912348,0.3824405824564898,0.19463161457882125,0.7282164035904574,0.6334074567378021,0.5235181685693164,5
0.1714870581143384,0.1486042579849236,0.1708509651975163,0.1648115748608964,0.5152831168230219,0.7228667597811496,0.23723033124595805,0.5374630999568323,0.6325350642386809,0.5222395577856274,0.5621264875236116,0.2809971628294726,0.6698749495650366,0.5972953083188567,0.6483481635426942,5
0.2300019276404754,0.1292770658637567,0.2058565057156988,0.0866410542136372,0.4976327399822995,0.8710811967132993,0.4122821141154934,0.9462195018731772,0.21358001778981073,0.19926445730246334,0.23316825534878316,0.20335247682742588,0.6511002512843842,0.8578872616617074,0.4242910647526797,5
0.1625229381453454,0.135791882187806,0.1272665376599534,0.1693833247266816,0.5210008797681006,0.8835789343709471,0.13052772492207199,0.7467116590906681,0.7957155688230958,0.7757284292205507,0.6441928164719491,0.611040203588802,0.6300783564764644,0.8047823664886946,0.23472281333856904,5
0.2241835378537458,0.1738363938944445,0.1221409960501359,0.1846484482511683,0.4767172503518876,0.8043376254861203,0.4293613047446967,0.6848964476547899,0.6302466976802699,0.01757427190662364,0.7618253797281828,0.34275376236097305,0.6844635957828659,0.28198194030344476,0.5812780151715105,5
0.0887865678326898,0.1577593481633752,0.2032309058151346,0.2654707170066814,0.504612137267048,0.5183798576296803,0.4290342117711069,0.6664800688252676,0.08461663188285018,0.11784475723437249,0.6235210129306418,0.09886996366715844,0.18824520096664582,0.5350248501764289,0.5306538890319128,5
0.1871089976945565,0.1878981855482121,0.1972718954215095,0.1830509845779437,0.4724548245184259,0.716683968198525,0.06590771243506954,0.523173033488822,0.5343885033330829,0.8119634679517974,0.6885453430080349,0.1174072212631475,0.5747922178619993,0.4195492990021118,0.2929275271630561,5
0.2511607490535011,0.1539707460064372,0.1979208227777984,0.2322511467551448,0.5817871768072943,0.4403850677030837,0.20496377189542925,0.3276976696604673,0.09078959640854067,0.7395627409034373,0.584808114696219,0.7558181395712192,0.7423060140277921,0.5263683135976134,0.4456519465214248,5
0.1019325631034807,0.0983328534675247,0.1455256209725531,0.1597116951637125,0.4701699340276593,0.06894144984101935,0.6336767022814767,0.4484332099760251,0.6436205990906713,0.14914755919278,0.4581868817551282,0.8074397983170261,0.7577686762115976,0.5767298511397368,0.33412819222228024,5
0.2095117670362061,0.150373803114736,0.198845139985389,0.1167157986207387,0.5733402474286633,0.7985515237994445,0.5723588873293471,0.7224449147248205,0.29633750641262546,0.27327667291738533,0.6998654557772934,0.2514492407025476,0.1997221811843213,0.13284043063480874,0.4968606536878116,5
0.1457340920518242,0.1594930823062719,0.188779732684702,0.1726525847794084,0.5113373820539678,0.35403268947905375,0.40898788505521155,0.08076185691229876,0.24965602602583292,0.5551455863561563,0.5788695478857462,0.43902261803550396,0.8757228536794774,0.3345494929045838,0.11647762264157356,5
0.148632575356405,0.2393174472173849,0.2437133870698642,0.1722304991726386,0.5394267254923972,0.6513832613071284,0.9812884263221904,0.5018807501837205,0.20407756242030306,0.18989891288198035,0.613974562337829,0.7598604856435496,0.8792987924603438,0.3324037058771982,0.15957687180331798,5
0.186762206474798,0.0855893231749825,0.2010498379980002,0.1569576736114708,0.57767297440744,0.2949639060630914,0.8713833105219603,0.25382078759992055,0.36596038151395127,0.541879453908844,0.5418707300729105,0.2831568236314326,0.3990598834643011,0.24620293502255897,0.45179024913206633,5
0.1473600384197324,0.1539676266914252,0.1536498307326837,0.162094255687587,0.4884462601080462,0.5359549240695327,0.8770529587186786,0.19413221788457935,0.49967565987797247,0.25585629372222796,0.2446690540929798,0.22898088670692765,0.2069947142975672,0.2240427820782259,0.6555697375030002,5
0.1733111258453774,0.1409425111350269,0.1655206276287896,0.1559008320740114,0.4630885948027682,0.6377813389704393,0.8388559193869786,0.5986906892859873,0.16383634273389114,0.48584644511509323,0.39377679820696837,0.39942588740152213,0.3448897104641202,0.8219565092194124,0.7844267881916905,5
0.1668783614791836,0.2047632433545081,0.2186413320796269,0.1043405340681159,0.5295304732860189,0.19773144468548243,0.5465626105438832,0.010585727899667274,0.2772397835689585,0.38869848651669814,0.7365404401978001,0.12079264229073346,0.576627970577438,0.7170243168147135,0.335723383362335,5
0.1984457179705085,0.1340240111304995,0.1954345270635915,0.1606929707374021,0.4654206470939913,0.145599424640812,0.6887669575897911,0.01929590966441419,0.9953119250056395,0.8255381215429518,0.18814374028637787,0.32413849477629547,0.5552701259880498,0.4230135798706269,0.6434886506182372,5
0.1946926152594408,0.1349737640639745,0.1576588986205078,0.1354693042795128,0.4633748222615851,0.24770402209511533,0.5413314450352275,0.3391533197210511,0.4477166654202125,0.18911390236878511,0.2786406773704115,0.057688481261211746,0.24012378377095864,0.5003473420231607,0.5071065237485413,5
0.1746866424774846,0.1778379672863046,0.2297509237955788,0.101103744437063,0.5702025556582946,0.23551997346240472,0.7134983535642416,0.11603646468415219,0.4670619932124195,0.805869227507425,0.39242028035041326,0.36441832508310046,0.40846194978778383,0.6718892101907734,0.29614578899690025,5
0.21061751612944,0.2061488274997365,0.153369272820693,0.1069522720728244,0.5623168563371808,0.7359933538333208,0.8261079037778243,0.15865482234515238,0.7531491228012648,0.5718849048827989,0.6968304467105964,0.7888327985309205,0.6712268328567726,0.5306117846725595,0.6965807395002912,5
0.2149970182978628,0.2113353389485811,0.1207236600529694,0.2024921920728627,0.4887617266325073,0.20153479946919062,0.4154229198655982,0.47821035374042165,0.36573860063107655,0.5225623505897429,0.18134711093316508,0.45827873235926053,0.8249316154908811,0.6218665159106451,0.5239434244338576,5
0.1666416909048648,0.1646984690950841,0.1545604420547962,0.1819202418023615,0.5250024179830702,0.888356487255063,0.9865127619473781,0.5316661069713101,0.40992713671483216,0.3399327123278081,0.7883151159519883,0.5366846036004054,0.6919097847587022,0.24414057094550656,0.14150658194001123,5
0.1022988223755347,0.1726702424804492,0.1843371406927847,0.2092633141107657,0.473465275128848,0.9867423064489086,0.6913999449986689,0.5004284813160527,0.6693142438410203,0.08192626360814792,0.6238283792005855,0.1634610495447039,0.5723345354487764,0.2961559180092295,0.8167798621777147,5
0.1604024587112641,0.1498220084468353,0.1805375882646892,0.143194463691569,0.5032196786011637,0.2966445854126458,0.09999750632801852,0.7359068637786073,0.7116583403889123,0.9898283403711914,0.42782650809327527,0.6970968423713747,0.559066663478613,0.32253423789898733,0.07254629766040639,5
0.1006222609143373,0.1192765988596686,0.2361558038497281,0.1394868764929401,0.5378410329718122,0.38893276215136763,0.9982417015149325,0.6846374995757456,0.766810133288677,0.41473845156180733,0.08612078622863366,0.056715650355825445,0.4224376593500229,0.46961937344011867,0.9595721638719651,5
0.1664911468827647,0.164195676642507,0.1652920771600034,0.1640568860695919,0.5009743273275545,0.9108245615176401,0.7134257789670763,0.3315062957222279,0.11597181202434514,0.5341486883706541,0.5782436961753076,0.3366427657188428,0.7987310258160083,0.6784959239296399,0.6633942930125021,5
0.1473911318368346,0.1563103950385618,0.190146398717333,0.1352603060364935,0.4550091015054711,0.6813876382530253,0.38921695502144593,0.20718110411137314,0.5248400099204992,0.126500213991947,0.7160088472766091,0.6048768726276894,0.5234036777952232,0.6930610914490002,0.8443961515353915,5
0.1682181401251384,0.1683256076801192,0.1640454569234389,0.1668233895062466,0.5047276148774072,0.4089001983064334,0.10506090969397053,0.795460856988837,0.5237652057891746,0.788569596953351,0.15996508526443784,0.611885256111133,0.40242682430861026,0.5569150819783436,0.3398391068804255,5
0.2049076612064344,0.1451934178039287,0.1741520907481007,0.2067198485386573,0.5284416852665685,0.406460019529997,0.527291978764205,0.6556588373300452,0.6792651410551596,0.38906011669382734,0.152853690211551,0.6347387748396036,0.5803005134570887,0.7999117252680527,0.6402213928222749,5
0.1357530433204605,0.0998853559036101,0.1639951888976462,0.2002085533842325,0.4788793506911316,0.9484858266168029,0.23850089435884825,0.1638073774779062,0.4087585457566414,0.28086888279723765,0.521002931989261,0.27921948638209804,0.5792144115799942,0.6426691899262902,0.7014700458308837,5
0.1604670417587468,0.0747629758020018,0.1839618002577649,0.177175799434978,0.4619129977311861,0.7628779017514753,0.5245759344549458,0.5852727366856468,0.6397172390796942,0.31183158014535384,0.5659027742260552,0.6631784132418153,0.755451745089763,0.5364890980675017,0.2980600005771718,5
0.184797156624662,0.1698669626672243,0.1750489604979831,0.1495789520593491,0.5087130330544187,0.7164972840439232,0.4753017206845789,0.32400396557155975,0.8285270141251103,0.4259867562450381,0.606552315756631,0.6814937946769735,0.29315022821828723,0.5666943253437726,0.39432267530289056,5
0.1658092950565133,0.161253971002956,0.161009346222686,0.1814840916973098,0.4848498498395898,0.862593798026301,0.5919560715909721,0.7419844625569496,0.30606008586128575,0.8432133777687347,0.41091924090007786,0.6511163629848158,0.6714562036833868,0.14345454470611116,0.721327008518333,5
0.236346691951121,0.1649601551119104,0.241581621338239,0.1765747592760592,0.5832949307110438,0.5222276706825381,0.9282874751759271,0.4607561943047631,0.8928431125059015,0.03738151350196117,0.6513037761428329,0.07681015642283197,0.26458816141978114,0.6466544139903823,0.7256878436409755,5
0.2090133756659911,0.1883008897824915,0.1806992353286928,0.2104785366683647,0.5173353751544915,0.5104895646073635,0.907817930739117,0.7259783397269899,0.48185062190407624,0.1502674910466376,0.2802189924685046,0.5894610123299708,0.19727216022357957,0.3817473146669307,0.24378697171091573,5
0.1762706749123094,0.1451433317574462,0.160461772007425,0.1799229724841643,0.4798485510548193,0.7524390423753674,0.6069559583960601,0.7056862131629495,0.23115055354906644,0.9488080663913556,0.145965780833993,0.07146580410560845,0.7659794884114605,0.7782607970080656,0.35231897005274443,5
0.1376842587857991,0.1574387284392187,0.1378875347917495,0.1884136363582552,0.5358447852040732,0.12503300999161737,0.422363773799766,0.9209704280356361,0.6645619021531364,0.505820772302672,0.9386050301687089,0.5158050285368546,0.37232099622387776,0.4333176886476777,0.2857383382281354,5
0.1919253059550852,0.1969854190462077,0.2032758827061714,0.2026131655653401,0.5187189550419158,0.2555830761708171,0.4607080086270049,0.47455587529625354,0.6105491043161128,0.6127535689170558,0.6128187755836555,0.5653812869885064,0.4007717228347199,0.126129840637023,0.6425442757736777,5
0.2110486841056443,0.1711074700278384,0.2239463955176579,0.1065403366623395,0.5425471812339856,0.04094066145666109,0.08971049757735594,0.8719459742850052,0.7046395121239497,0.4333781911083603,0.6041425896482338,0.34991324669032875,0.8464672913110525,0.7312748106903467,0.747137283969947,5
0.1732304897495954,0.18348158328961,0.2340648483490108,0.2133133233690484,0.5307197543725974,0.057549947861641804,0.5861933071354798,0.5965299696889458,0.4818518229519879,0.26076182101198186,0.08030085591066782,0.35387903865903425,0.30376315336739385,0.7948142772772319,0.16983323717152393,5
0.2361986638036952,0.1343925348962464,0.2342168612989807,0.238966014180779,0.5154219799067773,0.8198516351921503,0.5051270178325805,0.5965063638890521,0.7083600027025597,0.026150638873934207,0.1821960173290134,0.33208862148403,0.01753830418276148,0.5065065986941818,0.6192764593673552,5
0.0861866567955805,0.2415694995749856,0.1028454915838233,0.1417911058597928,0.5019844943299681,0.8845283810429367,0.499290579003865,0.4798238320791466,0.6052083530333423,0.6432788177638858,0.5340586239159463,0.32252414075043867,0.633192852493557,0.92335636355735,0.039596397206057024,5
0.1681286813272732,0.1313524835901987,0.1284318412983037,0.1861198854507075,0.4800921602927434,0.012321407291783881,0.7758773052980755,0.38315747766057784,0.9134257441244283,0.6361382813107053,0.47210161527786376,0.3746794943934241,0.10804196336053572,0.9019612541134627,0.5810676078092045,5
0.1828794715357879,0.1874427502854177,0.1695008890640977,0.1923880197174976,0.4879149291479456,0.7239009042397542,0.9484566782738046,0.40472436447768023,0.6345395039481114,0.3490775595718315,0.43369436958691043,0.7084928392872675,0.23542895029835625,0.2604277506128001,0.5458385248335088,5
0.1921175722418999,0.230499175198937,0.2244571663750107,0.2036634867496916,0.578086590211078,0.5601323124465182,0.12144981102500862,0.018552205788270215,0.9391400223738996,0.8787335118240103,0.8704612420403731,0.4624334078685451,0.255825065282555,0.6645374316780422,0.17724369068035334,5
0.1583359402171098,0.1027967288988548,0.150491522237895,0.1857111580359512,0.4201536241843359,0.8447907132708934,0.14937224089494194,0.7907205576777679,0.1464764366485426,0.19999895799352174,0.40287481367823286,0.6797429508932147,0.7517420666788022,0.5668901574210007,0.35794805650704825,5
0.1544716538687044,0.1634366763490819,0.1091893607846792,0.1107800902717703,0.5196748022332072,0.04621814534633417,0.5088890185380934,0.499078317857257,0.9179438253215878,0.9451480800254278,0.9705834318055991,0.33775373497548056,0.6638318323997064,0.20797418041132604,0.5588094423811368,5
0.1497876268861751,0.1845818749482184,0.1450405477485292,0.1765894851001663,0.5157813619264824,0.72050239262784,0.14362741851605154,0.342923537980219,0.49492159380346046,0.49273662943366725,0.14552268542800023,0.23545085747598582,0.32446176805501886,0.9207505004925411,0.12949353376742703,5
0.1992362447548922,0.0753951395393204,0.1539075545043561,0.2432520405584383,0.481707767634164,0.411298941877804,0.5786799534472293,0.8576594787420446,0.39095328520684725,0.09461805975482218,0.9121520861599577,0.4264879610081022,0.751127843692389,0.8836790515083102,0.405274234565357,5
0.2259970294699712,0.185493861541742,0.1326038749922522,0.1891985258580888,0.4913218102707732,0.8961601762250369,0.3895012160649707,0.7091373034746535,0.7112824435995635,0.7907638852864893,0.2026245297309642,0.3412784379093029,0.3017012519053477,0.7934422894647913,0.4971753141637173,5
0.1397358293645863,0.1516690894488349,0.1976675598547289,0.1536928525573807,0.4905102072693558,0.9831939767817442,0.3524243917078954,0.9343415098455148,0.8325872661157419,0.6147754741030722,0.6250947578491565,0.6191617910185805,0.47767168382609726,0.6823862005675753,0.23674839537510928,5
0.0563181570841046,0.0979924273175256,0.1323973253162697,0.1566940132646056,0.4735981370584446,0.4280242109492719,0.5783272930284751,0.6637948669940988,0.7436206794347254,0.07111113481987419,0.27631353852928553,0.8583333055169792,0.18885372687325208,0.6853887561496704,0.8862284858882684,5
0.1485256219922803,0.1695460418691459,0.1494904690915528,0.1409099736929399,0.5134524422408224,0.6599339719711856,0.475976064123004,0.28862783881782084,0.48999944493647907,0.735020414000452,0.5081486788619877,0.563702283143735,0.7345722440163165,0.46619434895793954,0.48636821846783573,5
0.1451328452512558,0.2259170609122383,0.1138131287971682,0.2288758363501639,0.5281467825157852,0.07450869126023152,0.9803010318619929,0.32673567293235506,0.7659996466500674,0.819087404196282,0.28934376990508653,0.6719493578471036,0.648433607123531,0.7353508550287519,0.8382483887145813,5
0.0985610710307823,0.2062898480541432,0.1165785577257612,0.17207120120373,0.5076059318192769,0.6020549475273599,0.6077873655274276,0.341594583419249,0.516068295634099,0.6931333808463161,0.5801770763205575,0.3671311833435664,0.12689037614097412,0.43456816744876775,0.5607659944443584,5
0.1643314615725946,0.1714616234584972,0.1696272243027987,0.1644751964314081,0.5054537771123844,0.8396303364902618,0.6278585339689803,0.4327335295253618,0.686063409645966,0.4450266628981826,0.1734968732278771,0.6888499179867217,0.6265545343562634,0.6240531979537662,0.14051352586257432,5
0.1694115722471338,0.1721251766791521,0.1729163085386222,0.1693085026219799,0.5043051601595397,0.003044196228594309,0.48547982376923093,0.6676450370041909,0.5394509309072806,0.41316090670911054,0.5076870045245667,0.7896389580955704,0.9341314171509895,0.7468612042914788,0.6033650542892006,5
0.1883559244492912,0.1805314061505233,0.1723484706870274,0.1487806151827752,0.5132105383155307,0.1894283024148381,0.6174819313833877,0.6639611410338916,0.6707691839466464,0.10567859337695795,0.650213292517939,0.5831961376175582,0.16195226677473196,0.5614758158905212,0.29989565730272577,5
0.1667004622765417,0.1688236559324491,0.164460826611083,0.1680368102486003,0.4939283276905372,0.9072900434085687,0.9949212492214355,0.7363802770610463,0.44160025172708317,0.951513292571699,0.7572276390651915,0.24050242077303108,0.9663814980222152,0.7292417163710898,0.5655338012057819,5
0.1659056903976237,0.1942838172456432,0.1697518063991704,0.2028225754085464,0.4893413895733253,0.13257264242804856,0.8887602466881066,0.21014814419923566,0.9409023653406835,0.5388503089908186,0.8352431940704479,0.7779466324168538,0.5843406050203513,0.5368702551744035,0.6196991616544671,5
0.1852801100235084,0.1599180819963563,0.0945250068840821,0.240848586531272,0.5671007172587174,0.8114375354410623,0.487557752514269,0.8288002508031974,0.27933845704578153,0.1988997187375956,0.719362348193657,0.23451311606711914,0.0646051744709701,0.18630706248851095,0.6595570983260678,5
0.1513710563872044,0.1473156665686454,0.1529882150151209,0.1316604709012012,0.5303539661195483,0.3946848232341431,0.6563539565142178,0.3043328247924574,0.6361210037099296,0.29094559065243986,0.4255493953294604,0.5140813937636983,0.5851113602249968,0.3514781145809606,0.19714542982213287,5
0.1419027800496473,0.1806205199029538,0.1417346923895615,0.1958369820396941,0.4619303773223229,0.3021769412617469,0.5521389319846777,0.22313195472700742,0.7212535435084672,0.8015130810038444,0.3755410943234131,0.1902578290102951,0.3845241723273088,0.45616191716724935,0.6457784256422289,5
0.1863264330902456,0.1446546454431247,0.1237451454448376,0.2225250518258849,0.5128613884005379,0.6881697006859069,0.5462555718778196,0.6056877162502862,0.9738296607555558,0.9717248082114253,0.7574874325468808,0.16865199842307171,0.8210946934035042,0.8939279689660053,0.5144463552163571,5
0.1306231479097695,0.113731115627364,0.2106093592227119,0.1329996799384026,0.4519574099604262,0.37332216652940053,0.6372827886720438,0.5572753676139571,0.5434017300210822,0.48503233410567537,0.23858094018926168,0.9447838952541638,0.9179680657083387,0.6688746338342728,0.4468998632097426,5
0.1778343735004041,0.0855842161871304,0.176333932451075,0.1681524231705625,0.5710515531895349,0.010915706709181072,0.2760557430094269,0.3550224025851403,0.8094437799834194,0.11014070744883464,0.11317102660138131,0.5387426540609802,0.3359250028726435,0.6256673126676965,0.2902837667665584,5
0.1251001919984725,0.1815602844905756,0.2024174655311613,0.2223053081772263,0.4775428400749757,0.9328573245430614,0.09898627525602033,0.44109021121601044,0.2256025793036177,0.2062510191380479,0.4033294928746963,0.5464198046114059,0.5041461092236842,0.6263293272020682,0.7613754217075098,5
0.1226440985227758,0.2109520016464496,0.1319078219232748,0.1815469597870269,0.5346500610203003,0.499959760655757,0.8877362068639845,0.23202482845024042,0.700472002592034,0.6611545619238992,0.14639176880024346,0.7267989674218761,0.32295256075612155,0.437560366366875,0.24844751720222064,5
0.208094909160522,0.1586216298924178,0.172618116551314,0.1972551098820659,0.4580681879137573,0.861694640202876,0.24590945749357962,0.905779702449668,0.41846536980767635,0.5619268027232862,0.8339368918460279,0.347756064331723,0.8696893681848316,0.4028498298155653,0.4808649048498108,5
0.2314501428597061,0.1038673550008027,0.2036884876721904,0.1246899969243319,0.4422943278906882,0.5707239778319333,0.8941592480987003,0.12075194376399534,0.5510278183347941,0.25607615427684505,0.602331412862584,0.09276552607855554,0.3324101291310295,0.31569298151077274,0.38640344576761954,5
0.2037993330167078,0.1456953888337725,0.1387695522509544,0.118216696655422,0.5130810507461613,0.4176764350307781,0.5876522902125898,0.7489963591732797,0.1645489598525438,0.2558196310913564,0.520943807869875,0.5022148257946013,0.4736679971834453,0.19834540089538213,0.6874773449265815,5
0.2013608520366366,0.1982043149561108,0.1202805419081491,0.133351684410463,0.4652778334942345,0.32386818816959007,0.4704836642734571,0.27849908455928096,0.9604709994768019,0.5520625696837224,0.01240662712246196,0.8690474628227775,0.7898299603601162,0.5592508171770676,0.8628462229270618,5
0.185293937450103,0.1658460177624031,0.184375270397715,0.1929077373367489,0.4899840622012298,0.5394440327907382,0.314666657161801,0.7116057825162312,0.7210322684416992,0.9535950576746235,0.6359659618099096,0.41302553141153536,0.20258802208978685,0.17667742438702186,0.6140656407758064,5
0.1663949468526583,0.1667821645568259,0.1667399939968338,0.1663862268477059,0.5002472885303859,0.8545746654220973,0.1335190448754442,0.6570723316771758,0.9144134289165223,0.46701572548902104,0.22792371866281613,0.3338897602913684,0.8558868435964401,0.5308004175683151,0.1285806016581986,5
0.1641875137891973,0.1668023570961506,0.1674218460283913,0.1696707527159395,0.4991693733361754,0.6151551332645501,0.8312322252387306,0.9615815051872184,0.3569409864084748,0.5344725757355224,0.3750629515008109,0.6752150924347542,0.7892937749447688,0.5408193758677682,0.16224685222549634,5
0.1607913132450723,0.124698991753105,0.2626740173363655,0.1657665798289362,0.5439768720900738,0.6227632423477871,0.014638806703829776,0.49701167757073383,0.389072459576286,0.8905208681776611,0.36528548479516737,0.07501123941594914,0.22285545607183568,0.5537753448417057,0.45996310737283247,5
0.1876572436872263,0.1653950148467886,0.1419448433360712,0.1430605158566304,0.4919673716346637,0.34760294828086025,0.7027107593448744,0.6132864471984809,0.419930961410624,0.2178447128716441,0.4230688872635799,0.7753564303233738,0.3637614821989568,0.6763604641099744,0.532878842572497,5
0.1337390209824635,0.1962264926562602,0.1714762796671121,0.2046108883852418,0.512787806142316,0.4462951579233593,0.18998153440181986,0.6471036660940586,0.6611137713609192,0.3481110770532996,0.40334025964582565,0.8600742804281561,0.8761805009128328,0.33790891149459074,0.0926884944552427,5
0.1190539931542759,0.1007928344163046,0.1273920329979357,0.1549939688493535,0.4349976705152917,0.08242709366478207,0.011155840975263231,0.09695477749003645,0.9423149339032793,0.5317323423719007,0.4444145206445793,0.5549459165343217,0.21292536071379725,0.25845157136530633,0.22981391139526744,5
0.1290717704372375,0.221345905584421,0.0817742290997654,0.2320628705709504,0.4688331361492611,0.3335711150694636,0.5594546813972032,0.8934784208157225,0.03616118991176165,0.15237738800542833,0.29026202547524904,0.1861197685888819,0.13772371832008,0.3366859954548123,0.3310117901707551,5
0.1878412236586208,0.1880958933564372,0.1272426188653152,0.1190942617983528,0.4783677188355824,0.29657696876753636,0.39196134489738044,0.8119682992611502,0.987023164906737,0.36744107250348,0.310545903176829,0.7768656250576319,0.4428760584960167,0.2561335232109966,0.8343918575094471,5
0.1188000501949792,0.1405172443732563,0.125454879424072,0.1985898681810209,0.5192222268403849,0.73078682320368,0.007384663597722385,0.8254729110957886,0.5543614976290522,0.2669238786553927,0.9254725660783419,0.7362684710480215,0.9364551693739139,0.2116316080535246,0.7965986543941019,5
0.1970641341245866,0.0833582984756933,0.1357138875442458,0.2351337931305384,0.4940097960568662,0.5604578320619701,0.2593729196719411,0.3225056607384932,0.9741301619956547,0.11557742537000115,0.2050246853549133,0.6435829601837939,0.2317069296876447,0.706697583771637,0.8059922720125363,5
0.1449949170134548,0.1928417629842684,0.1409268253525652,0.1578510113164231,0.4883443855675087,0.9802306500049727,0.8519910745138618,0.29236518462280825,0.1579603560858216,0.04860853522681874,0.6263146199857755,0.6190115093959956,0.6856171570957074,0.1307064165657515,0.5753386715300424,5
0.216140449496559,0.1955132015238027,0.222678534698241,0.1408053414169316,0.5295778668658339,0.06609475145108434,0.599086859450725,0.31550522295280614,0.08389788632481199,0.514371032911384,0.8931907627232837,0.6054746010930633,0.29806894717415866,0.7614146047608399,0.6681042385797186,5
0.11103366255522,0.17586738708809,0.2136541474111712,0.1081853018775248,0.4660566068457739,0.06605607962526072,0.2637670263018924,0.6115632677409589,0.4568020774319701,0.5977106695370102,0.7933370664450891,0.6296753205485218,0.343960963169154,0.7987620179174122,0.5217703798905272,5
0.1847768329351193,0.1741333639463571,0.2308933278737519,0.1464288611037414,0.5265616075817868,0.5030982105537404,0.8421089616542183,0.36269064021779673,0.6999823902749697,0.895142655198008,0.33729675863160724,0.31893392489800865,0.8762485759635277,0.6825436300204578,0.6620685570239814,5
0.2027619901951332,0.1544162276123794,0.2137174812441619,0.205687158234262,0.5250588489387422,0.9368576420145703,0.972503935080296,0.7141252358271961,0.9973415579639874,0.9324959500786718,0.3150930102774523,0.8992074105451926,0.11808081008345568,0.7089809108607628,0.4145697454296808,5
0.2032889856268141,0.1203255178825543,0.2698985841732541,0.1333715246236229,0.4655627787999976,0.7194142057743538,0.9801826522612085,0.5351466563808023,0.07212599402249564,0.5758381815663393,0.3771750500329339,0.08794150676497711,0.4947195470139296,0.438015129833627,0.5861417580790858,5
0.1667194137844162,0.2321053247727015,0.1553830935677188,0.2237278778211212,0.4935007331595156,0.9358492416439399,0.17284619332699214,0.530223707819682,0.3480219881377933,0.5246317049316201,0.19168747678417727,0.39040546357403416,0.2351557116368473,0.8303160229221593,0.5003019240196073,5
0.1705782311648093,0.1856947198685316,0.1447700576378275,0.1762089182988363,0.4930936807569621,0.3141355703467311,0.8278868506640201,0.23758824049477978,0.9231276586325861,0.24174406407714277,0.5351596554752521,0.8037944815884703,0.43732322753739195,0.44159885333291027,0.616434768266304,5
0.1649537918932645,0.1661961251890126,0.1674615258001399,0.1653222282946077,0.5018278511024089,0.9686413547063804,0.9415020100050335,0.5325190348772281,0.26216882693834753,0.5202725230251871,0.5396332155117853,0.959305216624895,0.16972946283292917,0.7346152305470355,0.20510108294147444,5
